-0.093743 1.716275 0.000000 -0.000000
-0.234382 4.291335 -0.022176 2.080803
-0.374955 6.865477 -0.022176 2.080803
-0.515547 9.440275 -0.123620 6.034270
-0.656205 12.015410 -0.265480 9.380557
-0.799251 14.600260 -0.441057 12.785160
-0.960916 17.268960 -0.441057 12.785160
-1.118651 19.997220 -0.654592 16.415410
-1.280807 22.774320 -0.887943 20.126000
-1.436633 25.596940 -1.139236 23.882160
-1.586551 28.454660 -1.139236 23.882160
-1.728893 31.377650 -1.367728 27.747910
-1.870663 34.320210 -1.596154 31.703210
-2.061112 37.428500 -1.851410 35.676110
-2.256115 40.538550 -1.851410 35.676110
-2.465214 43.593020 -2.113773 39.646180
-2.661881 46.598030 -2.389791 43.608810
-2.871336 49.556000 -2.675319 47.563150
-3.065844 52.495010 -2.675319 47.563150
-3.248811 55.391780 -2.956697 51.419830
-3.438994 58.274000 -3.250830 55.262340
-3.641784 61.091250 -3.536635 59.042280
-3.843940 63.815190 -3.536635 59.042280
-4.046625 66.421630 -3.838130 62.641130
-4.244856 68.909940 -4.118805 65.982500
-4.445510 71.284370 -4.430493 69.199140
-4.644343 73.480650 -4.430493 69.199140
-4.837515 75.507440 -4.709222 71.961270
-4.985837 77.344090 -4.989034 74.639000
-5.133801 79.049530 -5.208351 76.837950
-5.208269 80.634550 -5.208351 76.837950
-5.236828 82.097010 -5.419312 79.893980
-5.105620 83.454540 -5.397389 81.334790
-4.817297 84.728690 -5.242798 82.559500
-4.336344 85.853730 -4.954278 83.766180
-3.656380 86.812100 -4.475197 84.755220
-2.817803 87.594010 -3.829773 85.630520
-1.847638 88.187990 -3.022789 86.355130
-0.811071 88.641590 -2.070387 86.987720
0.302092 88.930470 -1.124749 87.388050
1.434583 89.210560 -0.450926 87.620430
2.662750 89.372100 1.133368 87.997590
4.002128 89.520590 1.989892 88.145100
5.460049 89.603320 2.933683 88.269880
7.050381 89.654730 4.422179 88.410440
8.800912 89.701670 6.660358 88.545840
10.714580 89.719540 9.190692 88.647660
12.781900 89.727290 9.145829 88.631740
15.002600 89.776310 11.969990 88.727640
17.354730 89.883630 15.113470 88.871690
19.768190 90.033380 18.398300 89.085570
22.217350 90.182690 18.353420 89.068100
24.666600 90.317320 21.597060 89.320610
27.100090 90.457820 24.912320 89.559460
29.533440 90.568020 28.225240 89.804050
31.943240 90.604090 28.173750 89.772570
34.324240 90.562410 31.309180 89.905770
36.663630 90.442530 33.667380 89.914100
38.940490 90.251650 36.006800 89.858800
41.145740 90.002900 38.984640 89.666800
43.274630 89.723990 41.875590 89.374270
45.284970 89.460220 41.788820 89.375400
47.143970 89.244510 44.451990 89.091190
48.831470 89.126950 46.837210 88.880230
50.416700 89.148420 48.985070 88.804600
51.963840 89.335560 50.555940 88.888740
53.430560 89.750370 52.037660 89.152410
54.738890 90.388600 53.409770 89.642380
55.835930 91.271120 54.627930 90.413580
56.722440 92.356020 55.555330 91.282620
57.370050 93.610620 56.375120 92.437650
57.812420 94.981600 56.945750 93.677060
58.162240 96.402170 57.211560 94.503640
58.486940 97.888060 57.452710 95.398370
58.813990 99.460870 57.793530 96.929410
59.209760 101.110600 58.259680 99.064120
59.635460 102.888300 58.793090 101.434700
60.134240 104.754400 58.769400 101.449800
60.649730 106.692300 59.399480 103.980600
61.177220 108.760700 60.049760 106.664600
61.696270 110.929500 60.720270 109.516500
62.234170 113.189100 60.737920 109.569500
62.784830 115.564300 61.437620 112.653000
63.334630 118.012100 62.120310 115.778500
63.870330 120.502600 62.814130 119.073000
64.449810 123.021500 62.816100 119.046800
65.066290 125.571200 63.543090 122.405300
65.658090 128.120500 64.311860 125.783500
66.298360 130.557300 65.108780 129.149400
66.932080 133.060100 65.490300 130.803900
67.539460 135.459900 66.234550 134.089300
68.126590 137.872600 66.239120 134.105100
68.655350 140.266200 66.968810 137.348600
69.187890 142.659800 67.616950 140.488300
69.694160 145.028400 68.246260 143.670200
70.131500 147.439500 68.268430 143.761400
70.507970 149.819900 68.875120 147.040200
70.857030 152.237000 69.345330 150.123400
71.148280 154.664900 69.740070 153.391500
71.368370 157.136000 69.759830 153.438200
71.545650 159.601800 70.104740 156.812500
71.665010 162.054900 70.326600 160.186200
71.775400 164.563800 70.489530 163.472000
71.889120 167.018700 70.578490 165.978600
71.930660 169.517300 70.577570 165.947900
71.947120 172.037900 70.614110 169.178800
71.922420 174.551700 70.588230 171.701200
71.800480 177.110400 70.489710 175.035300
71.660010 179.631600 70.308460 178.330000
71.538190 182.214100 70.311190 178.507100
71.419630 184.762800 70.127310 181.913300
71.283990 187.333200 69.964080 184.545200
71.136850 189.856200 69.738590 187.976900
70.964250 192.373200 69.491340 191.346300
70.791150 194.863500 69.491340 191.346300
70.629110 197.195700 69.253610 194.669800
70.503800 199.315700 69.003910 197.839000
70.378520 201.434200 68.764680 200.741000
70.253080 203.554600 68.764680 200.741000
70.127680 205.673200 68.565560 203.452600
69.999050 207.797100 68.431490 206.137200
69.994640 209.740000 68.350030 208.742100
70.019510 211.649800 68.350030 208.742100
70.030310 213.601900 68.356160 211.222200
70.006440 215.556500 68.359300 213.793500
69.982810 217.578800 68.353630 216.403000
69.956510 219.646300 68.353630 216.403000
69.960540 221.624700 68.301450 219.152400
69.984300 223.672300 68.219220 221.979600
69.986070 225.713400 68.126630 224.786500
69.961180 227.773200 68.126630 224.786500
69.924290 229.792700 68.023620 227.609600
69.871450 231.769000 67.910070 230.354800
69.827100 233.650000 67.814730 232.930500
69.782790 235.365900 67.814730 232.930500
69.664050 236.931700 67.620070 236.340000
69.425420 238.441600 67.512460 237.312400
69.022170 239.831600 67.143750 239.137900
68.414950 241.092500 66.705570 240.434700
67.609370 242.161600 66.135200 241.463600
66.672910 243.070200 65.381510 242.408600
65.621050 243.784500 64.483090 243.191300
64.520420 244.320000 63.448380 243.857800
63.308500 244.683100 62.295530 244.343200
61.939660 244.884400 60.972190 244.652300
60.461500 244.953900 60.083080 244.762700
58.885590 244.928300 57.917930 244.828900
57.192410 244.850300 56.120320 244.776900
55.348170 244.770900 56.199100 244.766600
53.337730 244.675800 53.577680 244.624800
51.206680 244.461400 50.647750 244.456200
48.868140 244.284500 47.899790 244.278000
46.381860 244.141000 47.910680 244.267600
43.781980 244.016000 44.469060 244.096900
41.193420 243.884100 40.951210 243.941600
38.579040 243.742400 37.447890 243.778800
35.965320 243.663800 37.483800 243.769600
33.341940 243.540600 34.011910 243.555800
30.719810 243.392900 30.559860 243.313400
28.124530 243.284900 27.047340 243.065100
25.563090 243.208100 27.030330 243.055600
23.047250 243.114500 23.649570 242.851000
20.555360 243.017200 20.332230 242.656700
18.116450 242.898000 17.071000 242.481400
15.701470 242.742600 17.060480 242.480200
13.322600 242.536200 13.883230 242.237900
11.009120 242.295900 10.750450 241.941700
8.787789 242.069500 7.651264 241.622200
6.700094 241.864800 7.726148 241.615200
4.739786 241.695800 4.936572 241.311500
2.907815 241.566500 2.377597 241.060200
1.213038 241.449100 0.061320 240.868100
-0.324785 241.378800 0.299196 240.888100
-1.717128 241.330500 -1.749109 240.786800
-2.957329 241.317600 -3.507540 240.703700
-4.038108 241.337500 -5.098678 240.642700
-4.943153 241.365500 -5.058826 240.647100
-5.617740 241.399300 -6.249923 240.632600
-6.055183 241.428800 -6.996869 240.642700
-6.292219 241.448100 -7.314436 240.669100
-6.421901 241.458600 -7.221563 240.674100
-6.445881 241.456200 -7.205705 240.673400
-6.441162 241.459100 -7.205705 240.673400
-6.435232 241.473300 -7.228651 240.673000
-6.462353 241.493500 -7.414913 240.661800
-6.528339 241.506000 -7.433748 240.657800
-6.662736 241.512300 -7.601502 240.663000
-6.960563 241.530300 -7.963562 240.669300
-7.433982 241.575000 -7.959319 240.674300
-8.055734 241.661200 -9.117844 240.737400
-8.793327 241.820600 -9.596899 240.788200
-9.588231 242.097200 -10.599200 240.974500
-10.437130 242.485400 -11.440480 241.235400
-11.295880 243.047100 -12.332630 241.647400
-12.079170 243.810000 -13.257460 242.261900
-12.766450 244.770600 -14.000340 243.038300
-13.318280 245.979800 -14.683050 244.051900
-13.722350 247.381900 -15.287050 245.429900
-13.993610 248.989100 -15.718070 247.042600
-14.142370 250.776000 -15.947140 248.750600
-14.240360 252.724300 -16.098140 250.689000
-14.307120 254.816900 -16.105600 250.718400
-14.375760 257.054800 -16.260600 253.568800
-14.447320 259.440900 -16.343710 256.637200
-14.528740 261.943400 -16.470290 259.832900
-14.623060 264.585600 -16.484090 259.860700
-14.708690 267.323000 -16.630680 263.365500
-14.814240 270.161800 -16.784780 267.156000
-14.944000 273.125700 -16.976550 270.989100
-15.035340 276.155700 -16.977500 270.982800
-15.140940 279.245300 -17.176240 275.049300
-15.257430 282.397700 -17.381760 279.250100
-15.385880 285.555700 -17.611750 283.378300
-15.535620 288.750600 -17.607350 283.424900
-15.687360 291.914700 -17.846440 287.639600
-15.834860 295.036500 -18.149130 291.804700
-15.991060 298.139100 -18.467730 296.072000
-16.161930 301.216800 -18.447470 296.145100
-16.334330 304.293900 -18.713630 300.281100
-16.503430 307.356500 -19.009450 304.348100
-16.666320 310.429700 -19.262720 308.411600
-16.796270 313.525400 -19.286820 308.540300
-16.926910 316.656200 -19.561500 312.739400
-17.069050 319.831700 -19.803110 316.986000
-17.223680 323.045500 -20.057840 321.269000
-17.395860 326.294000 -20.049240 321.169800
-17.561630 329.524400 -20.308920 325.542700
-17.719010 332.731300 -20.555480 329.723600
-17.900430 335.939300 -20.788170 333.969500
-18.071960 339.098000 -20.816420 333.969800
-18.239730 342.181300 -21.041190 338.151300
-18.398210 345.184400 -21.309940 342.250800
-18.572480 348.105900 -21.573080 346.160700
-18.755060 350.925000 -21.578700 346.093800
-18.932310 353.619300 -21.844290 349.852600
-19.084440 356.172000 -22.105230 353.335800
-19.190840 358.544700 -22.330700 356.650800
-19.281520 360.709100 -22.314200 356.518400
-19.364880 362.648200 -22.483610 359.387500
-19.435380 364.404800 -22.617800 361.955100
-19.512930 365.946600 -22.730340 364.127100
-19.649890 367.322100 -22.837480 365.585500
-19.892230 368.628200 -22.942190 366.472600
-20.252090 369.891500 -23.250920 368.062500
-20.791750 371.054200 -23.607890 369.113600
-21.487330 372.119200 -24.101570 370.116500
-22.400060 373.113800 -24.836240 371.164200
-23.514160 373.922600 -25.715790 371.992100
-24.828720 374.589100 -26.906470 372.765300
-26.313780 374.997800 -28.372470 373.355200
-27.968970 375.108000 -29.981050 373.626000
-29.722230 374.986600 -31.755810 373.652700
-31.561500 374.788900 -32.897320 373.575700
-33.456030 374.582400 -34.781430 373.365200
-35.494020 374.385300 -37.493340 373.092300
-37.624260 374.163100 -37.427420 373.060200
-39.884590 373.957100 -40.423820 372.750100
-42.294220 373.767800 -43.506810 372.466000
-44.851270 373.618600 -46.922980 372.214400
-47.522840 373.490900 -46.949060 372.208800
-50.237360 373.372000 -50.477220 371.985900
-53.000110 373.257500 -54.233220 371.759200
-55.754610 373.127700 -57.971400 371.540200
-58.489490 372.995400 -57.877500 371.549900
-61.217110 372.854000 -61.539050 371.322400
-63.932820 372.668500 -65.161470 371.069900
-66.615190 372.470900 -68.761200 370.769700
-69.300010 372.271700 -68.697480 370.779800
-71.958490 372.083400 -72.254690 370.463800
-74.613120 371.927700 -75.988010 370.149000
-77.243790 371.817600 -79.505090 369.909700
-79.849740 371.735400 -79.414470 369.923000
-82.448730 371.697400 -83.031120 369.742200
-85.015590 371.704100 -86.474400 369.656400
-87.445480 371.725300 -89.775140 369.614600
-89.695430 371.748300 -89.817650 369.635000
-91.744210 371.753800 -92.760220 369.621000
-93.584570 371.721300 -95.159440 369.577800
-95.366880 371.645500 -97.572490 369.482800
-97.116000 371.527700 -97.611420 369.468300
-98.846360 371.389000 -99.912210 369.304000
-100.610100 371.211400 -102.327300 369.086900
-102.430900 371.005500 -104.773600 368.801000
-104.313400 370.788700 -104.805400 368.792600
-106.301400 370.553200 -107.266200 368.487000
-108.425900 370.299900 -110.089600 368.142100
-110.625300 370.063600 -113.049100 367.786400
-113.039100 369.849500 -114.455100 367.617400
-115.512500 369.657200 -117.785800 367.307400
-118.178300 369.455100 -117.801500 367.284700
-120.917600 369.337500 -121.374000 367.002300
-123.822000 369.268500 -124.183200 366.848400
-126.757300 369.228600 -127.065600 366.749000
-129.739200 369.205900 -131.087600 366.685800
-132.737000 369.161300 -135.100600 366.611900
-135.699500 369.131300 -135.084800 366.598900
-138.667900 369.063000 -138.977600 366.500400
-141.577800 368.942900 -142.887200 366.334600
-144.486000 368.839000 -146.787600 366.138300
-147.377400 368.709500 -146.882700 366.120700
-150.227800 368.540700 -150.718100 365.869000
-153.083900 368.367900 -154.547500 365.587300
-155.901600 368.175200 -158.330800 365.285200
-158.683500 367.984500 -158.302200 365.293100
-161.437100 367.820500 -162.102400 364.993800
-164.144900 367.670700 -165.836000 364.733400
-166.743400 367.524800 -169.355800 364.493300
-169.213800 367.384800 -169.251100 364.501700
-171.494900 367.269400 -172.449500 364.283100
-173.606900 367.160800 -175.391400 364.097500
-175.504300 367.028500 -177.984100 363.911100
-177.287900 366.876300 -177.937900 363.913400
-178.948300 366.700600 -180.302500 363.705400
-180.524500 366.392200 -183.086600 363.332500
-182.023400 365.894200 -184.609100 362.949200
-183.399200 365.191500 -185.994400 362.422500
-184.596000 364.244500 -187.248800 361.634300
-185.600000 363.065200 -188.286500 360.623500
-186.364600 361.651500 -189.236700 359.308100
-186.883600 360.051400 -189.838900 357.874200
-187.124700 358.297100 -190.217700 356.242000
-187.195500 356.419300 -190.359700 354.455500
-187.209700 354.465800 -190.392200 353.126100
-187.125200 352.422500 -190.410100 351.746600
-186.971000 350.260800 -190.330300 349.661000
-186.769900 347.985700 -190.107500 346.648000
-186.532900 345.585000 -189.822700 343.447000
-186.242200 343.095600 -189.822600 343.411100
-185.936900 340.495400 -189.440200 340.061500
-185.649900 337.789200 -189.017500 336.563700
-185.382600 335.019400 -188.616400 332.898700
-185.134200 332.220800 -188.604500 332.793800
-184.899500 329.439300 -188.254400 329.048800
-184.692700 326.641900 -187.891500 325.214200
-184.486100 323.835000 -187.611000 321.446300
-184.280300 321.000600 -187.624000 321.456800
-184.127700 318.141900 -187.336500 317.676600
-183.978900 315.260000 -187.121300 313.853100
-183.812400 312.407300 -186.888600 310.024100
-183.654200 309.562200 -186.874000 310.009200
-183.502700 306.737100 -186.634400 306.254700
-183.378600 303.927100 -186.418200 302.459100
-183.289500 301.144500 -186.219000 298.741200
-183.208700 298.368800 -186.213800 298.728800
-183.122800 295.601700 -186.027400 294.988900
-182.982000 292.843600 -185.856700 291.138600
-182.817100 290.034100 -185.594200 287.368000
-182.672600 287.222000 -185.589400 287.356800
-182.494800 284.346300 -185.324500 283.577900
-182.348800 281.464600 -185.041100 279.692100
-182.200300 278.528900 -184.794600 275.759300
-182.050900 275.608600 -184.786000 275.811600
-181.885100 272.670100 -184.565600 271.776700
-181.698600 269.743000 -184.322100 267.771600
-181.502400 266.785500 -184.046600 263.803600
-181.286200 263.816200 -184.041100 263.836300
-181.084300 260.859000 -183.718100 259.881100
-180.848300 257.824800 -183.375500 255.873300
-180.627500 254.849100 -183.009400 251.842900
-180.435400 251.890900 -183.015300 251.782000
-180.251400 248.947400 -182.670700 247.737700
-180.077100 246.059900 -182.370400 243.849000
-179.932000 243.222200 -182.107000 240.027500
-179.800900 240.508500 -182.123700 240.088100
-179.645000 237.914800 -181.867100 236.270400
-179.522100 235.417700 -181.650000 232.934200
-179.443500 233.048900 -181.479000 229.728000
-179.395200 230.845400 -181.493900 229.857800
-179.377000 228.830400 -181.396700 227.042800
-179.361600 227.009400 -181.323200 224.368300
-179.313800 225.382900 -181.248800 222.113200
-179.211800 223.965500 -181.149600 220.642500
-178.995500 222.642300 -180.997400 219.307400
-178.609800 221.398200 -180.733000 218.185700
-178.021500 220.277800 -180.295800 216.996900
-177.281700 219.190700 -179.669100 215.726900
-176.315400 218.205000 -178.872600 214.714500
-175.108000 217.339600 -177.751900 213.659300
-173.598300 216.631800 -176.335700 212.749000
-171.884200 216.128100 -174.817700 212.156800
-169.938900 215.824900 -172.951600 211.725000
-167.862500 215.670800 -171.705500 211.578100
-165.717900 215.599700 -170.312300 211.491000
-163.500900 215.552400 -168.221100 211.459400
-161.211900 215.524100 -165.249200 211.462000
-158.798300 215.506300 -162.098600 211.532500
-156.333400 215.474900 -162.098600 211.532500
-153.798000 215.521500 -158.796200 211.602100
-151.149500 215.545000 -155.297400 211.715500
-148.464800 215.609200 -151.734000 211.851600
-145.761200 215.721700 -151.734000 211.851600
-143.047300 215.845300 -148.111300 212.054400
-140.354300 216.015300 -144.566500 212.311500
-137.657100 216.247400 -140.987900 212.668500
-134.989700 216.485500 -140.987900 212.668500
-132.361200 216.725700 -137.362600 213.035200
-129.819900 216.954200 -133.913600 213.397600
-127.369200 217.130500 -130.532600 213.707500
-125.076000 217.289000 -130.532600 213.707500
-122.978300 217.394200 -127.553000 213.962000
-121.074700 217.452000 -125.023100 214.103500
-119.253800 217.487000 -122.439700 214.207800
-117.452800 217.501500 -122.439700 214.207800
-115.661000 217.500200 -119.993200 214.239200
-113.898200 217.530400 -117.557700 214.277700
-112.188000 217.587200 -115.854600 214.285300
-110.483800 217.777500 -113.540900 214.420700
-108.832700 218.145800 -111.890400 214.655700
-107.256300 218.728200 -110.270900 215.062800
-105.792600 219.476200 -108.750500 215.681000
-104.503500 220.453800 -107.362000 216.512800
-103.370900 221.616000 -106.212000 217.490500
-102.437600 222.932700 -105.257100 218.588600
-101.723700 224.345800 -104.507200 219.807000
-101.236600 225.851200 -103.891800 221.229000
-100.915700 227.438600 -103.454300 222.718900
-100.634700 229.003000 -103.097200 224.258900
-100.355700 230.520900 -103.085900 224.274100
-100.012200 231.987300 -102.679600 226.293700
-99.599560 233.386100 -102.127700 228.523400
-98.996290 234.559900 -101.667500 229.685200
-98.348550 235.540100 -101.133800 230.661800
-97.491420 236.281400 -100.429300 231.554800
-96.563560 236.781500 -99.619700 232.223000
-95.613480 237.212600 -98.749970 232.734000
-94.564720 237.578100 -97.773900 233.151700
-93.378270 237.826600 -96.994040 233.388400
-92.065800 238.037600 -95.207050 233.759600
-90.600520 238.207100 -94.258230 233.902100
-88.966180 238.333600 -92.592190 234.093100
-87.134840 238.488000 -90.165340 234.308700
-85.139540 238.614700 -90.151300 234.310200
-82.995990 238.713600 -87.517050 234.525300
-80.731250 238.835900 -84.568810 234.742800
-78.338900 238.957400 -81.440530 234.944600
-75.911080 239.102600 -81.491130 234.946800
-73.418340 239.247000 -78.170560 235.132600
-70.862210 239.411700 -74.767490 235.282400
-68.236450 239.513000 -71.273760 235.427100
-65.565890 239.621000 -71.334640 235.430000
-62.884820 239.754000 -67.782110 235.608500
-60.208980 239.903300 -64.208350 235.842100
-57.561130 240.056500 -60.713300 236.086700
-55.002920 240.208900 -60.826240 236.074300
-52.461970 240.385500 -57.364360 236.339400
-49.960260 240.516300 -53.923180 236.585000
-47.478300 240.661600 -50.641860 236.836900
-45.048220 240.827100 -50.655540 236.826400
-42.654540 241.018700 -47.481490 237.074700
-40.374760 241.236000 -44.209060 237.361100
-38.244120 241.461500 -41.301650 237.636800
-36.175260 241.674900 -41.310270 237.625400
-34.127460 241.881500 -38.508840 237.886400
-32.155730 242.064400 -35.803100 238.131500
-30.336300 242.239600 -33.296210 238.333100
-28.681680 242.373000 -33.337230 238.337300
-27.206340 242.453700 -31.090660 238.495400
-25.872110 242.479300 -29.332450 238.569800
-24.684510 242.456000 -27.698960 238.578800
-23.636810 242.368500 -26.620310 238.543300
-22.745080 242.231200 -25.743590 238.494000
-22.034710 242.112400 -25.139090 238.421700
-21.516180 241.984700 -24.602570 238.349600
-21.032600 241.835100 -24.101840 238.258600
-20.564160 241.692800 -23.673610 238.152900
-20.103750 241.524500 -23.364580 238.076000
-19.551220 241.265200 -22.590800 237.841200
-18.853050 240.845400 -21.833490 237.525700
-18.086130 240.258100 -21.084130 237.080700
-17.299030 239.465900 -20.179980 236.385100
-16.585650 238.455900 -19.309760 235.437200
-15.980300 237.181700 -18.576430 234.314100
-15.551690 235.705600 -17.997870 232.933200
-15.237130 233.988000 -17.589520 231.330100
-15.035830 232.048700 -17.391940 230.062100
-14.902940 229.921400 -17.109900 227.227200
-14.851830 227.595900 -17.117470 227.243900
-14.812860 225.100600 -16.990870 224.143700
-14.790540 222.430100 -16.909060 220.687400
-14.744020 219.600800 -16.787080 216.845500
-14.681160 216.624600 -16.793270 216.866100
-14.559980 213.519300 -16.675610 212.854000
-14.405260 210.299000 -16.472680 208.615700
-14.244290 206.985200 -16.218830 204.298000
-14.036400 203.614200 -16.211520 204.334100
-13.812700 200.191300 -15.898560 199.922100
-13.591500 196.732600 -15.564470 195.370100
-13.354210 193.229500 -15.199570 190.671700
-13.126070 189.690000 -15.197910 190.658000
-12.916990 186.094000 -14.866050 186.003800
-12.731900 182.450100 -14.559350 181.132000
-12.566930 178.745200 -14.264550 176.145500
-12.396050 174.987200 -14.269820 176.348600
-12.227520 171.178900 -13.991420 171.180400
-12.071480 167.326000 -13.744820 166.030300
-11.901920 163.431800 -13.460840 160.787500
-11.720260 159.530400 -13.487830 160.908100
-11.528050 155.601800 -13.210790 155.628400
-11.343440 151.642400 -12.924330 150.322900
-11.142960 147.689600 -12.549180 145.077900
-10.896520 143.749200 -12.584300 144.965500
-10.650260 139.827200 -12.256210 139.876900
-10.410780 135.927300 -11.917180 134.725400
-10.197030 132.060800 -11.588760 129.651800
-9.983675 128.271600 -11.590690 129.674900
-9.768507 124.586400 -11.240980 124.640600
-9.557928 121.055300 -10.903770 119.844300
-9.369618 117.693700 -10.623680 115.380300
-9.200535 114.472100 -10.608500 115.353400
-9.061229 111.449400 -10.381120 111.305300
-8.931383 108.631000 -10.163520 107.433600
-8.810192 106.036100 -9.975534 103.951400
-8.714586 103.666700 -9.980710 104.098900
-8.579986 101.489100 -9.827131 101.043800
-8.297513 99.529500 -9.503013 97.712530
-7.822238 97.787860 -9.144953 95.983540
-7.139675 96.220460 -8.614939 94.499490
-6.241788 94.829150 -7.900788 93.109500
-5.158326 93.620760 -6.962687 91.782160
-3.910527 92.633660 -5.881315 90.775690
-2.475933 91.875730 -4.632509 89.949310
-0.953585 91.376990 -3.290839 89.369030
0.610299 91.091770 -1.780755 88.986750
2.208440 90.915010 -0.362052 88.806710
3.858709 90.805900 0.743319 88.727180
5.610331 90.710490 2.931399 88.670080
7.446192 90.618500 2.931399 88.670080
9.399524 90.501180 5.428182 88.631650
11.479730 90.400480 8.101537 88.602860
13.711860 90.309310 11.102700 88.562890
16.085620 90.296110 11.102700 88.562890
18.596670 90.402150 14.259100 88.614980
21.177450 90.596610 16.815550 88.748590
23.779620 90.826670 20.398150 89.045530
26.353250 91.014620 23.875880 89.354480
28.915710 91.120230 26.540570 89.545310
31.447940 91.111230 29.119220 89.636160
33.964420 90.997740 31.580260 89.588460
36.481320 90.800320 31.580260 89.588460
39.031160 90.580100 34.921580 89.425300
41.656720 90.362430 38.324680 89.201430
44.342960 90.161050 41.986400 88.999410
47.042730 89.971080 41.986400 88.999410
49.732130 89.736970 45.639490 88.805550
52.379280 89.354210 50.031450 88.425020
54.968500 88.786820 51.761930 88.164890
57.486950 88.064510 55.174050 87.425310
59.967010 87.222230 56.798990 86.958910
62.489200 86.306720 59.359260 86.141720
64.987970 85.371870 62.764760 84.944390
67.548010 84.410830 62.764760 84.944390
70.135210 83.400150 66.173090 83.765090
72.720960 82.281930 69.564360 82.465320
75.294640 81.026180 71.372680 81.723950
77.934750 79.678800 74.037970 80.503330
80.595120 78.300090 77.638170 78.732420
83.237810 76.927920 81.287850 76.938940
85.840430 75.538820 81.284510 76.936260
88.369180 74.062970 84.790630 75.145450
90.792620 72.508150 88.942900 72.719720
93.104350 70.855730 90.604950 71.643770
95.308540 69.114830 92.066460 70.611800
97.416180 67.330560 94.282260 68.949000
99.451290 65.590790 97.092670 66.679730
101.380500 63.966620 99.833300 64.455580
103.192500 62.514710 99.758810 64.499220
104.866600 61.221030 102.180700 62.607580
106.472000 59.956760 104.359900 60.971810
108.065900 58.674990 106.582600 59.276020
109.621000 57.400470 106.477600 59.364320
111.184000 56.090510 108.574300 57.706340
112.797400 54.718930 110.791800 55.908710
114.495000 53.301690 113.039500 54.063120
116.281700 51.901960 113.024700 54.084790
118.184900 50.515520 115.437500 52.204240
120.173200 49.100540 117.387900 50.777440
122.242200 47.599320 120.103800 48.840430
124.364600 46.028410 122.983500 46.798620
126.576200 44.378130 122.983500 46.798620
128.856800 42.670770 125.981600 44.652950
131.194400 40.922780 129.152700 42.336100
133.518000 39.194000 132.177200 40.123290
135.848000 37.430390 132.177200 40.123290
138.166000 35.691480 135.243100 37.893390
140.513900 34.021560 138.437100 35.629300
142.832700 32.348190 141.485300 33.476350
145.118800 30.675490 141.485300 33.476350
147.378500 28.982770 144.642200 31.217170
149.616700 27.299000 147.633500 29.030950
151.798300 25.672770 150.528700 26.935890
153.870900 24.103060 150.528700 26.935890
155.795100 22.599360 153.378700 24.873130
157.567100 21.175120 155.904500 22.965460
159.120100 19.881740 158.139800 21.237750
160.555500 18.690110 159.574500 20.108920
162.010800 17.662520 161.073000 19.013970
163.579600 16.891220 162.639000 18.094500
165.181700 16.359800 164.258700 17.415270
166.884400 16.039170 165.939000 16.965670
168.667400 15.922110 167.668100 16.729800
170.525800 15.941800 168.899000 16.660290
172.440200 15.971130 170.731700 16.636590
174.444000 15.959010 173.351400 16.618240
176.477000 15.903350 173.440900 16.620680
178.585300 15.796770 176.232700 16.555580
180.750600 15.659270 179.005200 16.420190
182.953800 15.464370 181.961500 16.216330
185.219000 15.302340 181.954600 16.213820
187.511200 15.130490 185.039900 15.984740
189.813900 14.959210 188.136000 15.775160
192.113700 14.776240 191.234900 15.570860
194.461000 14.578040 191.271700 15.558750
196.830900 14.362970 194.387800 15.350770
199.263300 14.116070 197.660500 15.091880
201.755200 13.869800 200.980500 14.811230
204.262600 13.617820 200.885600 14.805910
206.796000 13.389100 204.243800 14.508800
209.305700 13.173480 207.643000 14.238000
211.854500 12.979730 211.044200 14.006300
214.376000 12.800540 211.058700 14.011330
216.944700 12.587920 214.466600 13.774130
219.523300 12.357330 217.852000 13.527560
222.151900 12.137010 221.370200 13.264840
224.809100 11.944950 221.295200 13.263250
227.484300 11.736780 224.970800 13.000300
230.174800 11.491230 228.474500 12.738270
232.863400 11.232370 232.079700 12.459680
235.563700 10.991120 232.080000 12.439930
238.224400 10.719920 235.715000 12.135610
240.885600 10.467360 239.231700 11.824570
243.500800 10.248770 242.745100 11.522860
246.090800 10.042910 242.729600 11.532500
248.655600 9.850928 246.188300 11.272950
251.153900 9.672126 249.618100 11.043710
253.551400 9.508367 252.842900 10.854330
255.833600 9.349230 252.833400 10.849050
257.979200 9.197519 255.802000 10.690670
259.925700 8.975124 258.585200 10.515370
261.610100 8.662332 261.207600 10.303200
263.292600 8.350028 263.048400 10.093630
264.972800 8.038313 264.863600 9.810279
266.652900 7.726849 266.364800 9.519089
268.329600 7.415961 266.364800 9.519089
269.438900 7.121329 268.131500 9.110738
270.377700 6.915676 269.375400 8.818637
271.180200 6.803106 270.207400 8.631091
271.947400 6.781844 271.250300 8.483396
272.708500 6.863175 272.045200 8.445763
273.448300 7.056585 272.684100 8.510118
274.160100 7.353067 273.497800 8.672077
274.935400 7.808509 274.394200 9.006352
275.651000 8.694219 275.150100 9.513611
276.215400 9.977662 275.885500 10.204260
276.761000 11.251270 276.498200 11.067420
277.289300 12.511500 277.123700 12.347120
277.801400 13.754730 277.697300 13.914840
278.292200 14.983130 277.993800 14.983310
278.599900 16.875040 278.505000 17.539080
278.816600 18.943450 278.693700 18.952170
279.006400 21.212700 278.819800 20.391370
279.118800 23.659890 279.040900 23.673520
279.256900 26.256370 279.206400 27.073850
279.430000 28.981770 279.206400 27.073850
279.623300 31.776040 279.402500 30.715510
279.815000 34.640650 279.650100 34.430740
280.047600 37.595490 279.947400 38.224080
280.271300 40.561180 279.947400 38.224080
280.485600 43.591550 280.258500 42.340050
280.691200 46.638240 280.577200 46.466730
280.894200 49.698950 280.864100 50.524250
281.109600 52.745410 280.864100 50.524250
281.323700 55.822110 281.149500 54.589200
281.535500 58.894460 281.453100 58.630540
281.790400 61.973850 281.783100 62.681200
282.088900 65.030150 281.783100 62.681200
282.317100 68.123450 282.142900 66.715800
282.523800 71.175790 282.455400 70.879390
282.680600 74.245110 282.723400 74.929130
282.864900 77.282640 282.723400 74.929130
283.098500 80.325530 282.987100 78.977750
283.357100 83.339010 283.283100 82.996290
283.604700 86.365770 283.583200 87.000490
283.852400 89.345300 283.583200 87.000490
284.129800 92.361340 283.894700 90.950470
284.430300 95.340960 284.286300 94.928090
284.793000 98.335460 284.727400 98.834500
285.237200 101.285500 284.727400 98.834500
285.688600 104.203600 285.289200 102.837100
286.157800 107.095500 285.900200 106.611300
286.641700 109.957100 286.520100 110.485600
287.077000 112.802800 286.520100 110.485600
287.491000 115.592900 287.097200 114.167600
287.920600 118.337900 287.588400 117.703700
288.317100 120.935900 288.095200 121.318100
288.710200 123.463200 288.095200 121.318100
289.134900 125.865300 288.571700 124.643900
289.590600 128.118300 289.100200 127.790700
290.058800 130.182800 289.528100 129.923800
290.523700 132.039000 289.972000 131.879100
291.010300 133.731900 290.569300 134.247100
291.438700 135.309900 290.557800 134.186700
291.855800 136.891800 291.149300 136.414800
292.123900 138.490000 291.771200 139.051400
292.239500 140.068500 291.978600 140.659200
292.127600 141.676900 291.989300 142.255800
291.029500 143.108800 291.767100 143.748000
289.928700 144.505800 291.276600 145.334700
288.831900 145.870700 290.520300 146.720600
287.745100 147.203900 289.408500 148.136500
286.674200 148.508400 288.058900 149.327000
285.218400 149.615700 286.335300 150.450700
283.264400 150.526800 285.065500 151.128300
281.243600 151.472100 282.444400 152.424800
279.142200 152.489200 282.415400 152.427200
276.943000 153.583500 279.589300 153.845100
274.640200 154.780100 276.548800 155.379700
272.241200 156.074700 273.412600 157.028200
269.752700 157.422000 273.461600 157.001800
267.236600 158.807600 270.148800 158.769500
264.684300 160.222400 266.775100 160.622900
262.160600 161.709300 263.423400 162.553600
259.725100 163.293400 260.830600 164.160200
257.349900 164.952800 258.431600 165.771800
255.011000 166.651500 258.508000 165.730200
252.619500 168.351100 255.344800 167.972300
250.164300 170.018200 252.134700 170.213000
247.682300 171.635900 248.827500 172.374100
245.126300 173.224000 246.298700 173.905200
242.548800 174.722000 246.236700 173.943800
239.945500 176.172300 242.799700 175.932100
237.309700 177.571800 239.320200 177.809900
234.693200 178.932100 235.804500 179.644000
232.104300 180.305600 235.774100 179.670600
229.551600 181.658600 232.232800 181.516700
227.043200 183.024800 228.872100 183.302500
224.579500 184.376400 225.539900 185.109000
222.160200 185.672600 225.565500 185.101000
219.814700 186.944300 222.421100 186.774800
217.579200 188.137300 219.335200 188.415900
215.410800 189.259700 216.374700 189.949200
213.403600 190.277900 216.446900 189.904200
211.527100 191.221900 213.708700 191.293900
209.817600 192.095800 211.291400 192.496200
208.297700 192.868100 209.344400 193.492800
206.968200 193.578400 209.475800 193.413600
205.865300 194.206200 207.517100 194.423500
204.973800 194.747600 206.160600 195.159000
204.316300 195.181100 205.418100 195.590200
203.737400 195.602300 204.712300 196.020200
203.210200 196.105800 204.152100 196.391900
202.696800 196.620600 203.370200 196.950900
202.144200 197.133000 203.445300 196.899600
201.473700 197.759400 202.648900 197.520000
200.573200 198.528800 201.445000 198.481500
199.482000 199.428500 200.012400 199.659500
198.198700 200.446700 198.873600 200.598900
196.761100 201.508800 197.421300 201.702200
195.184900 202.599000 195.915000 202.765700
193.288100 203.734200 194.191300 203.887600
191.283500 204.885300 192.316400 205.023400
189.279000 206.036300 192.295200 205.035900
187.275300 207.186700 189.663100 206.538800
185.272600 208.336500 186.871800 208.090900
183.204100 209.508400 183.955600 209.694100
180.929900 210.774300 183.898000 209.732700
178.619300 212.048100 180.866700 211.417600
176.321500 213.330200 177.786000 213.127200
174.024500 214.608700 174.648300 214.861100
171.754700 215.878900 174.712400 214.817200
169.515300 217.138500 171.676300 216.489500
167.327500 218.336000 168.721000 218.114900
165.285500 219.466500 165.944700 219.642900
163.394800 220.485400 165.920300 219.651500
161.653300 221.359700 163.496700 220.943200
160.045000 222.107800 161.287700 222.049500
158.407800 222.712800 159.158600 222.986200
156.741800 223.119400 157.366200 223.585300
155.079700 223.337300 155.681000 223.914000
153.375200 223.375200 153.950900 224.077100
151.587600 223.291200 152.782500 224.070200
149.703300 223.122300 151.522600 224.033000
147.697400 222.947800 148.819000 223.850500
145.559400 222.768000 145.896700 223.603200
143.255100 222.576300 146.053400 223.622900
140.825300 222.367500 142.846200 223.364000
138.238300 222.212600 139.491500 223.110000
135.505900 222.075700 135.862000 222.921600
132.663600 221.969500 135.836100 222.910800
129.720900 221.858000 132.050200 222.761900
126.663200 221.699300 128.045500 222.605900
123.629900 221.554900 123.940600 222.444000
120.566400 221.374500 123.963900 222.440100
117.510800 221.171400 119.816700 222.230200
114.517900 220.968300 115.806100 221.985100
111.525900 220.772200 111.765400 221.736600
108.601100 220.585800 111.823400 221.736800
105.691500 220.424200 107.858400 221.506800
102.797100 220.263800 103.993600 221.314900
99.942900 220.117000 100.144400 221.135600
97.108700 219.956700 100.165700 221.122100
94.343720 219.761900 96.348670 220.934300
91.704060 219.564100 92.599990 220.715100
89.187440 219.382600 89.202640 220.462500
86.853370 219.207900 89.418790 220.477100
84.722070 219.078600 86.340950 220.241500
82.768890 219.013700 83.520420 220.064300
80.972640 219.075500 81.074370 220.004500
79.229300 219.254500 79.305280 220.108600
77.556090 219.622800 77.567910 220.366400
75.960560 220.193700 75.913840 220.816000
74.503440 221.032800 74.352160 221.490200
73.247040 222.197000 73.013960 222.421500
72.168900 223.540300 71.858510 223.607000
71.281570 225.143300 70.846940 225.030900
70.601490 226.926700 70.028740 226.720500
70.127700 228.840900 69.406880 228.624500
69.878300 230.896400 69.160900 229.951800
69.713240 233.064700 68.866380 232.809300
69.624990 235.277300 68.756100 235.097300
69.560920 237.559500 68.763160 235.082100
69.520270 239.919800 68.686610 238.172400
69.480170 242.355500 68.585990 241.484400
69.422430 244.904300 68.489020 244.891200
69.286960 247.537300 68.483860 244.866500
69.141070 250.228700 68.322640 248.358900
68.999880 253.025600 68.171750 252.020000
68.856910 255.930900 68.004410 255.857800
68.703600 258.907800 67.985930 255.844300
68.517870 262.029500 67.818050 259.990000
68.350620 265.186400 67.653650 264.126200
68.163940 268.396000 67.482850 268.370100
67.965540 271.613500 67.469610 268.379200
67.785340 274.806600 67.231590 272.773100
67.592920 277.988600 67.016590 277.160700
67.386620 281.166500 66.782530 281.402800
67.179990 284.300900 66.782110 281.383800
66.973690 287.456300 66.551690 285.527100
66.759970 290.605100 66.328540 289.687000
66.549740 293.741800 66.121630 293.862300
66.346760 296.850700 66.114250 293.811300
66.146280 299.919800 65.926500 297.800300
65.909190 302.991000 65.703480 301.911700
65.661260 306.016700 65.434450 305.940600
65.383130 309.038800 65.421170 306.014900
65.047660 312.028400 65.102660 309.903500
64.674680 315.008300 64.709590 313.988200
64.241860 317.963200 64.246650 317.908400
63.806810 320.916600 64.239700 317.996600
63.420100 323.896000 63.726220 321.975700
63.075590 326.901600 63.270720 326.000300
62.777190 329.896600 62.905710 329.988100
62.594940 332.932100 62.896770 330.025000
62.454760 335.950600 62.626470 334.038700
62.310500 338.994000 62.395810 338.101900
62.164400 342.041400 62.218900 342.160400
62.032770 345.031500 62.193030 342.334900
61.912010 348.006900 62.030590 346.264600
61.789860 350.918300 61.871530 350.245400
61.707910 353.706100 61.737940 353.999000
61.613990 356.391400 61.749260 353.917600
61.552410 358.953500 61.647860 357.338000
61.565970 361.378700 61.599880 360.729000
61.590200 363.597500 61.637180 363.758400
61.625890 365.650000 61.627510 363.713900
61.641400 367.672700 61.669740 366.514200
61.643910 369.692400 61.695510 369.268400
61.558330 371.675600 61.672750 371.256100
61.361890 373.698200 61.521300 373.866100
61.080590 375.805500 61.286450 375.980700
60.745070 378.022000 61.284640 375.995700
60.413740 380.393600 60.874140 378.985900
60.147400 382.875100 60.450390 382.253200
59.937190 385.515500 60.194870 384.797200
59.814310 388.251900 60.017120 387.534400
59.766100 391.128100 59.897030 391.340600
59.764420 394.096900 59.900430 391.306600
59.747220 397.211000 59.838400 395.373100
59.696040 400.418200 59.817000 399.615000
59.615900 403.624200 59.738070 403.890000
59.476640 406.849000 59.707730 404.036700
59.320890 410.042500 59.546190 408.386700
59.145110 413.205600 59.335290 412.703000
58.968930 416.364600 59.116180 416.965700
58.806860 419.496400 59.116540 416.919900
58.627840 422.584600 58.917490 421.022000
58.480820 425.636500 58.721220 425.206900
58.342980 428.577300 58.544160 429.194300
58.179110 431.377400 58.554530 428.970200
57.995810 434.043700 58.362230 432.814200
57.753920 436.572100 58.145370 436.153000
57.470620 438.947800 57.829640 439.418200
57.148870 441.181700 57.838530 439.384600
56.787470 443.237900 57.463550 442.279200
56.419550 445.075600 57.022900 444.937000
56.186420 446.732100 56.736740 446.643600
56.373540 448.149300 56.527640 448.629100
57.096360 449.280500 56.594930 450.197600
57.797660 450.368100 56.905690 451.394600
58.469280 451.417300 57.450120 452.600700
59.099960 452.419000 58.232030 453.507100
59.693890 453.395700 59.094200 454.166700
60.829550 453.823400 60.008520 454.656700
62.117600 454.031500 61.269560 455.067100
63.555790 454.181300 62.705370 455.300300
65.165260 454.224000 63.613860 455.333500
66.918750 454.288600 65.925640 455.423300
68.815140 454.380000 65.925640 455.423300
70.861760 454.481400 68.419210 455.505900
73.024940 454.593700 71.320030 455.641800
75.355670 454.739600 74.356990 455.837500
77.804190 454.892700 74.356990 455.837500
80.358960 455.052400 77.718880 456.043900
83.002440 455.239300 81.137140 456.278700
85.770950 455.413200 84.769620 456.510000
88.576960 455.537100 84.769620 456.510000
91.445490 455.682100 88.516370 456.708500
94.360010 455.843500 92.493570 456.909300
97.273730 456.002300 96.330810 457.122700
100.205200 456.167400 96.330810 457.122700
103.127500 456.340300 100.328500 457.346000
106.027500 456.485500 104.279200 457.566500
108.937600 456.607600 108.189900 457.748300
111.801100 456.761000 108.189900 457.748300
114.663200 456.917400 111.906500 457.932600
117.476100 457.050500 115.757100 458.128000
120.235700 457.204700 119.442500 458.326100
122.966100 457.385600 119.442500 458.326100
125.683400 457.589900 123.096100 458.549500
128.360800 457.860800 126.712400 458.816200
130.996800 458.220100 129.385800 459.128600
133.617900 458.652700 131.989900 459.497100
136.184300 459.149000 135.321800 460.071900
138.747700 459.707800 135.417900 460.088500
141.245600 460.326800 138.845000 460.779600
143.730000 461.004600 141.353100 461.383200
146.138800 461.754900 143.987400 462.088600
148.533300 462.601100 147.130400 463.111600
150.875400 463.493900 150.293100 464.223800
153.185400 464.427100 150.293100 464.223800
155.466500 465.389800 153.398600 465.419300
157.706600 466.401400 156.461300 466.708700
159.890600 467.475000 158.667100 467.722000
162.026600 468.596800 161.536600 469.161700
164.086300 469.739700 163.631000 470.320700
166.113000 470.938000 165.623800 471.488300
168.030000 472.130000 165.641700 471.482400
169.790400 473.311900 168.187100 473.075700
171.405900 474.441600 170.510900 474.651800
172.855100 475.469200 172.475400 476.032500
174.154100 476.359800 172.496700 476.035100
175.306100 477.078500 174.936200 477.661900
176.328600 477.623500 175.591100 478.072500
177.349500 478.091100 176.946900 478.772700
178.418800 478.406500 177.964100 479.157300
179.483300 478.557800 179.015500 479.451800
180.532000 478.545600 180.035000 479.589200
181.664800 478.384600 181.170000 479.589200
182.853600 478.068600 182.312900 479.432500
184.062500 477.505100 183.592300 479.010100
185.324000 476.651900 184.843400 478.333900
186.626300 475.461000 186.204400 477.278500
188.001900 474.001700 187.652300 475.852400
189.455200 472.316500 188.644800 474.757400
190.983500 470.404200 190.219700 472.889900
192.628300 468.328400 192.381700 470.177300
194.407600 466.101300 192.342800 470.191500
196.244800 463.736100 194.719000 467.141800
198.105400 461.325800 197.071700 464.064500
199.985200 458.920500 199.626900 460.688300
201.876600 456.527900 199.566000 460.784200
203.779600 454.144500 202.066400 457.564600
205.684800 451.785300 204.559500 454.417700
207.587600 449.439600 207.010500 451.404600
209.486400 447.113900 206.939100 451.484100
211.359400 444.786300 209.454700 448.343300
213.214900 442.474200 211.987300 445.185200
215.069500 440.180800 214.350900 442.225100
216.924900 437.908400 214.393800 442.171900
218.830200 435.603200 216.886500 439.103500
220.784100 433.242000 219.352500 436.076700
222.789700 430.840100 222.031200 432.849600
224.813600 428.408200 222.025200 432.854100
226.833500 425.995400 224.736300 429.554400
228.852900 423.583200 227.455100 426.260800
230.871600 421.171900 230.045900 423.141200
232.891600 418.759100 230.061700 423.111300
234.910900 416.347200 232.757300 419.903600
236.823000 414.107800 235.284100 416.931500
238.394100 412.113700 237.616200 414.105300
239.552300 410.295700 237.557800 414.218700
240.709400 408.481300 239.657700 411.617500
241.865700 406.670700 241.645800 408.865900
243.022600 404.863700 242.601300 407.216600
243.966000 403.113100 243.188900 405.659700
244.092200 401.451800 243.545900 403.937900
243.761300 399.751700 243.393100 402.698600
243.150200 398.275400 243.002600 401.197400
242.226700 396.884600 242.287200 399.840800
241.061000 395.599800 241.269200 398.463300
239.705900 394.403400 240.032300 397.207000
238.175300 393.294500 238.554700 395.999500
236.419400 392.300600 236.750800 394.832300
234.459400 391.403600 234.740800 393.832100
232.296800 390.642000 233.351000 393.263800
229.928300 389.982900 230.315000 392.285300
227.393300 389.389600 228.637500 391.857700
224.668900 388.898300 225.000900 391.105400
221.793400 388.499000 222.067200 390.639200
218.753000 388.110100 222.170400 390.673600
215.598900 387.729100 218.026600 390.149700
212.374300 387.364600 213.754700 389.676000
209.090300 387.016800 209.356300 389.250700
205.769200 386.697400 209.385200 389.244400
202.412600 386.399000 204.834000 388.825000
199.045700 386.119600 200.316200 388.458500
195.673600 385.866600 195.817400 388.154100
192.318400 385.628000 195.882100 388.167900
188.992700 385.419600 191.380500 387.910500
185.689500 385.243800 186.922800 387.671700
182.429100 385.082400 182.654200 387.430000
179.191400 384.930500 182.602400 387.439200
175.998400 384.780500 178.260700 387.256700
172.833800 384.646900 173.980400 387.058800
169.703100 384.518800 169.822700 386.854300
166.621100 384.405900 170.013200 386.834900
163.623500 384.321500 165.803300 386.668900
160.758900 384.263600 161.902400 386.540600
158.068600 384.244300 158.309800 386.464500
155.559000 384.244400 158.337300 386.489800
153.212500 384.204900 154.948200 386.463800
151.033700 384.091400 151.902200 386.369600
149.059400 383.872700 149.931500 386.257600
147.360800 383.500700 147.578400 385.951300
145.917000 382.883100 146.309500 385.543500
144.682600 382.019000 144.983800 384.894500
143.726400 380.925400 143.828200 383.945600
143.040100 379.649600 143.030000 382.853600
142.611000 378.230900 142.470800 381.597100
142.361800 376.682500 142.030600 380.034900
142.230400 374.988900 141.797200 378.446600
142.149700 373.190200 141.706500 377.366400
142.129800 371.279100 141.615700 375.499100
142.119000 369.215000 141.553200 372.776300
142.117500 367.008300 141.551000 372.735300
142.176700 364.637300 141.535600 369.769200
142.269700 362.110400 141.603100 366.523700
142.373000 359.411700 141.718100 362.930200
142.526800 356.549700 141.709400 362.893500
142.692500 353.551700 141.886200 359.034100
142.835600 350.477000 142.087000 355.050100
143.009300 347.339000 142.292500 350.913300
143.169400 344.158300 142.290500 350.827800
143.356400 340.955400 142.498100 346.544600
143.556100 337.763600 142.730100 342.237800
143.732800 334.563700 142.966200 337.952800
143.935400 331.393800 142.987400 337.946900
144.158000 328.197900 143.186600 333.761600
144.356600 324.983500 143.384600 329.551400
144.534000 321.695300 143.587900 325.184700
144.698000 318.364400 143.595400 325.307300
144.878900 314.970200 143.775900 320.805600
145.081700 311.522000 143.957500 316.341800
145.301800 308.031600 144.163800 311.747900
145.503800 304.508000 144.181200 311.704200
145.708200 300.964000 144.359700 307.140700
145.923800 297.408500 144.574200 302.166200
146.152500 293.882800 144.793100 297.419300
146.390400 290.389700 144.798800 297.417200
146.613600 286.900400 145.045600 292.755300
146.826100 283.435200 145.300800 288.060300
147.033100 279.993600 145.539500 283.429100
147.244600 276.532600 145.536000 283.422100
147.422700 273.125800 145.767400 278.812300
147.582500 269.770200 145.966700 274.213800
147.765000 266.399500 146.164100 269.740700
147.954700 263.099000 146.174000 269.717500
148.136400 259.853200 146.396500 265.270500
148.303900 256.631500 146.568800 261.053900
148.483600 253.495400 146.732000 256.784100
148.645900 250.505500 146.731100 256.755800
148.802900 247.619800 146.934900 252.659300
148.957100 244.924000 147.119600 248.952600
149.120900 242.376200 147.304300 245.527200
149.300100 239.994300 147.322000 245.443700
149.468000 237.816200 147.501900 242.527600
149.628100 235.849500 147.698800 239.659400
149.788500 234.085500 147.894700 237.268300
149.888300 232.499000 147.851500 237.404900
149.886700 231.066100 148.024100 234.306900
149.728600 229.773800 147.951700 233.011100
149.399000 228.552100 147.766200 231.721600
148.906200 227.392400 147.402600 230.600100
148.257000 226.334800 146.895800 229.476300
147.397200 225.347400 146.195800 228.370500
146.332100 224.463300 145.245000 227.299100
145.054700 223.731900 144.167300 226.482100
143.556900 223.139100 142.779800 225.718300
141.904100 222.690300 141.250400 225.133400
140.095400 222.406000 140.091200 224.831700
138.122500 222.217700 137.632600 224.432400
135.967800 222.085700 135.514300 224.230900
133.621000 221.981100 135.477500 224.217800
131.136500 221.929900 132.314700 224.014000
128.449800 221.891200 128.801900 223.881300
125.589200 221.860300 125.026800 223.756400
122.658800 221.839300 125.091900 223.757300
119.664900 221.789800 121.128300 223.639400
116.644100 221.711700 117.023500 223.484900
113.625600 221.625200 112.966400 223.272100
110.649400 221.433200 113.006700 223.281300
107.726500 221.225500 108.990100 223.051100
104.789800 221.038600 105.097600 222.812200
101.892600 220.868000 101.258100 222.589500
99.026160 220.712600 101.310100 222.562300
96.193030 220.537100 97.486970 222.362100
93.396190 220.385800 93.704810 222.188700
90.728710 220.262100 90.189180 221.962700
88.234040 220.149200 90.236300 221.955400
85.997980 219.985500 86.967020 221.775500
84.015240 219.854900 84.125120 221.607300
82.322020 219.740900 81.689850 221.496200
80.851380 219.691700 81.653830 221.473100
79.466870 219.724100 78.762130 221.451100
78.094210 219.912400 77.366640 221.535200
76.794600 220.239500 76.030100 221.773700
75.546160 220.757700 74.841600 222.136600
74.382630 221.428600 73.583430 222.654800
73.268960 222.354700 72.430200 223.407400
72.271920 223.460600 71.388950 224.301800
71.423800 224.790900 70.458220 225.386600
70.764820 226.271900 69.680820 226.667600
70.238320 227.726300 69.006080 228.112200
69.877040 229.218200 68.556950 229.583700
69.661770 230.754000 68.331650 230.609300
69.533100 232.343200 68.067850 232.737400
69.443340 233.967200 67.978200 234.269400
69.378840 235.601500 67.977340 234.231700
69.230100 237.232000 67.869460 236.443400
68.978710 238.847800 67.624260 239.080100
68.575100 240.383400 67.321560 240.648800
67.988300 241.693300 66.866540 241.990800
67.125370 242.831100 66.238440 243.194300
66.086350 243.807300 65.381010 244.353600
64.869540 244.556500 64.247610 245.300200
63.555630 245.119600 63.033320 245.981600
62.083690 245.413500 61.665780 246.438900
60.547830 245.534100 60.128200 246.695900
58.935830 245.520200 58.517910 246.766700
57.176410 245.424300 56.809700 246.743100
55.257350 245.305300 56.937410 246.734300
53.159480 245.201200 54.337300 246.649500
50.886640 245.111400 51.324950 246.556100
48.434380 245.035100 48.289310 246.443500
45.820140 244.963800 48.281360 246.445100
43.069320 244.864300 44.764420 246.329900
40.172070 244.723800 40.935360 246.169800
37.102630 244.568400 36.972800 245.983900
33.924070 244.386000 36.860570 245.972400
30.676330 244.183900 32.596930 245.735100
27.438540 243.994200 28.233950 245.505000
24.208570 243.837400 23.967930 245.273600
20.993490 243.649100 24.000720 245.278300
17.816250 243.415700 19.709530 245.047000
14.692700 243.167700 15.341580 244.787900
11.645960 242.907900 11.306690 244.448400
8.749169 242.642400 11.233180 244.470900
6.011306 242.398200 7.394542 244.181800
3.474518 242.182200 3.927932 243.874800
1.168286 241.992600 0.733984 243.643500
-0.898771 241.821000 1.002803 243.676200
-2.696521 241.698400 -1.697432 243.466500
-4.190561 241.640100 -4.101357 243.301800
-5.386511 241.629500 -5.812473 243.262100
-6.326933 241.660000 -6.689854 243.260600
-7.082572 241.712200 -7.459496 243.278500
-7.774661 241.792800 -8.104913 243.330300
-8.447696 241.919900 -8.458494 243.386200
-9.095550 242.094400 -9.125785 243.534000
-9.780101 242.353600 -9.849937 243.707500
-10.603980 242.792800 -10.619910 244.007900
-11.498330 243.420200 -11.535340 244.454300
-12.344280 244.279900 -12.402500 245.105300
-13.099550 245.362100 -13.301190 246.029400
-13.710790 246.730700 -14.052190 247.239700
-14.152340 248.336800 -14.692160 248.804800
-14.411960 250.183800 -15.075400 250.632700
-14.511960 252.255000 -15.259520 252.746500
-14.575160 254.543600 -15.241660 252.695500
-14.644070 257.034400 -15.335580 255.796000
-14.710490 259.717600 -15.401910 259.269500
-14.807480 262.576000 -15.517200 263.066900
-14.929060 265.663300 -15.512080 262.959600
-15.020770 268.902000 -15.650730 267.177600
-15.143050 272.307400 -15.812000 271.612900
-15.261360 275.830800 -16.009280 276.265700
-15.391430 279.433500 -16.018220 276.390000
-15.541770 283.128600 -16.220500 281.114600
-15.703140 286.824000 -16.480090 286.064100
-15.887430 290.565600 -16.737830 291.024200
-16.052460 294.301700 -16.738450 291.067300
-16.203910 298.051600 -16.993650 296.152400
-16.370630 301.836700 -17.216700 301.123100
-16.534560 305.629900 -17.432300 306.252500
-16.702490 309.430600 -17.434190 306.197800
-16.858450 313.259100 -17.661710 311.399600
-17.014290 317.093800 -17.932360 316.871800
-17.160050 320.915200 -18.182050 322.013500
-17.310980 324.725600 -18.177220 321.995300
-17.457990 328.526000 -18.438050 327.172600
-17.601060 332.286400 -18.655710 332.132500
-17.752870 336.035700 -18.884430 337.170300
-17.907160 339.718900 -18.906920 337.241900
-18.082040 343.305300 -19.136070 342.016900
-18.248810 346.726900 -19.381740 346.776300
-18.437360 349.998500 -19.622220 351.217200
-18.609970 353.158900 -19.619290 351.103500
-18.743280 356.160100 -19.872070 355.400000
-18.844480 358.966600 -20.029880 359.274100
-18.920830 361.583300 -20.141470 362.837900
-18.977900 363.963900 -20.136080 362.875100
-19.028190 366.122800 -20.210980 365.946200
-19.109830 368.019200 -20.267890 368.710700
-19.234950 369.712600 -20.378160 370.984400
-19.469350 371.273700 -20.541000 372.425900
-19.959330 372.738000 -20.833870 373.743100
-20.737910 374.032800 -21.318840 375.001700
-21.748530 375.114300 -22.097050 376.194200
-22.999370 375.954500 -23.141860 377.131600
-24.432570 376.529200 -24.400350 377.803200
-25.999060 376.640200 -25.695890 378.118300
-27.700810 376.581400 -27.352320 378.210100
-29.445520 376.334500 -28.522700 378.141000
-31.324050 376.002400 -29.698000 377.984100
-33.327570 375.651900 -32.304380 377.562100
-35.535230 375.299200 -35.248680 377.103400
-37.913380 374.928500 -35.156000 377.120300
-40.461440 374.606400 -38.531330 376.610800
-43.164920 374.342500 -41.277650 376.290000
-46.026710 374.108500 -45.094720 375.993600
-49.018500 373.893500 -49.078030 375.709400
-52.125150 373.685600 -48.764900 375.763700
-55.328120 373.487200 -52.896070 375.513300
-58.571190 373.306100 -57.239340 375.303700
-61.844400 373.140600 -61.462570 375.103000
-65.129510 372.964200 -61.436730 375.113500
-68.399380 372.792300 -65.781300 374.901200
-71.648100 372.602400 -70.157220 374.648400
-74.879760 372.403400 -74.385730 374.423100
-78.075710 372.246500 -74.406280 374.409800
-81.234350 372.119900 -78.715280 374.183700
-84.322090 372.037600 -82.909640 374.028500
-87.256990 372.003100 -86.928140 373.923300
-90.036340 371.992600 -86.919520 373.932700
-92.685340 371.979800 -90.481690 373.909200
-95.303200 371.934900 -94.007370 373.871200
-97.879210 371.775500 -96.763010 373.796100
-100.461300 371.507400 -99.291600 373.612400
-103.108600 371.193900 -102.786100 373.251000
-105.833100 370.892600 -102.786100 373.251000
-108.706800 370.583900 -106.413000 372.838900
-111.689400 370.303500 -110.300100 372.438800
-114.861500 370.100500 -114.492600 372.135400
-118.160300 369.888800 -114.492600 372.135400
-121.555700 369.751600 -119.023900 371.866800
-125.105500 369.682800 -123.581300 371.705000
-128.655900 369.662400 -128.349800 371.634100
-132.212900 369.655400 -128.349800 371.634100
-135.720300 369.646000 -133.082200 371.613700
-139.236700 369.568300 -137.880600 371.560100
-142.708200 369.398800 -142.542800 371.403900
-146.178600 369.229000 -142.542800 371.403900
-149.596100 369.032200 -147.145300 371.175100
-153.029900 368.846700 -151.750200 370.942800
-156.414400 368.626400 -156.265200 370.667300
-159.755500 368.368000 -156.265200 370.667300
-163.085300 368.113500 -160.811300 370.323300
-166.350900 367.840000 -165.411800 369.981200
-169.584200 367.574400 -169.618800 369.658300
-172.772700 367.319800 -169.618800 369.658300
-175.957800 367.044400 -173.903100 369.315200
-179.172000 366.794400 -178.043500 368.989000
-182.395100 366.625100 -182.326900 368.724900
-185.647900 366.504400 -182.326900 368.724900
-188.933700 366.403700 -186.762500 368.538800
-192.245300 366.285600 -191.168200 368.395800
-195.589800 366.201200 -195.568100 368.274900
-198.981700 366.178900 -195.568100 368.274900
-202.399600 366.193500 -200.045100 368.239200
-205.821900 366.214600 -204.649000 368.269700
-209.221200 366.265600 -209.279500 368.313300
-212.590200 366.336400 -209.279500 368.313300
-215.920000 366.440200 -213.737200 368.395200
-219.137100 366.588000 -218.079000 368.536600
-222.203800 366.800800 -222.155300 368.788500
-225.144400 367.035800 -222.155300 368.788500
-227.921100 367.269900 -226.156100 369.084600
-230.560400 367.500400 -229.739500 369.391500
-232.963100 367.777100 -233.012600 369.737100
-235.114200 368.131900 -235.197000 370.046700
-237.069600 368.580600 -236.519700 370.291200
-238.822800 369.056200 -237.974300 370.581500
-240.419500 369.488100 -240.124000 371.143900
-241.887100 369.846500 -242.119700 371.665300
-243.204500 370.123400 -243.345500 371.958600
-244.444500 370.305300 -244.083900 372.132700
-245.674400 370.378700 -245.755600 372.355400
-246.871800 370.388100 -246.555600 372.421300
-248.075000 370.349200 -247.385700 372.460200
-249.348800 370.314100 -249.050500 372.440400
-250.648700 370.300100 -250.809700 372.407500
-251.933700 370.327900 -252.123100 372.418600
-253.209100 370.407200 -253.366600 372.475000
-254.457700 370.525800 -254.607400 372.575000
-255.594000 370.683100 -255.797500 372.701800
-256.592500 370.835900 -255.797500 372.701800
-257.560500 370.991800 -257.106100 372.902400
-258.510200 371.063700 -258.361900 373.097600
-259.453600 371.056600 -259.631300 373.205200
-260.482700 370.926700 -260.672500 373.198700
-261.590700 370.649400 -261.707700 373.046800
-262.743700 370.151400 -262.905300 372.712200
-263.924500 369.415100 -264.180500 372.149000
-265.073100 368.376200 -265.462400 371.261000
-266.121700 367.028000 -266.554700 370.119500
-267.007800 365.362600 -267.579800 368.584600
-267.746900 363.423200 -268.378700 366.841500
-268.340800 361.256100 -269.068500 364.752200
-268.808900 358.870500 -269.473000 363.160000
-269.143100 356.260600 -270.078100 359.706500
-269.364000 353.460400 -270.054500 359.836300
-269.628500 350.451000 -270.433700 355.980000
-269.898100 347.268500 -270.818300 351.851900
-270.167000 343.959200 -271.217900 347.526500
-270.432100 340.564500 -271.232200 347.353100
-270.679500 337.052300 -271.602100 342.672900
-270.895000 333.461700 -271.911700 338.078200
-271.055600 329.902500 -272.077600 334.579500
-271.176000 326.313600 -272.295600 329.773500
-271.251400 322.762400 -272.295600 329.773500
-271.280600 319.239400 -272.398000 325.070700
-271.249000 315.743100 -272.416700 320.467500
-271.155700 312.268400 -272.324900 315.648800
-271.030700 308.826000 -272.324900 315.648800
-270.853200 305.405300 -272.143700 311.028600
-270.620800 301.989900 -271.880600 306.451000
-270.339900 298.574000 -271.556900 301.935400
-270.033700 295.140000 -271.556900 301.935400
-269.673600 291.685400 -271.163200 297.444300
-269.279700 288.205800 -270.656000 292.685400
-268.845400 284.699700 -270.127400 288.071600
-268.359100 281.176700 -270.127400 288.071600
-267.830200 277.627700 -269.499100 283.298800
-267.259900 274.057300 -268.791000 278.522000
-266.639000 270.469100 -267.991800 273.695300
-265.946700 266.863000 -267.991800 273.695300
-265.197600 263.244200 -267.103400 268.840500
-264.373600 259.580700 -266.045600 263.926200
-263.496200 255.913700 -264.896600 259.032600
-262.579000 252.268700 -264.896600 259.032600
-261.578600 248.631700 -263.708400 254.396600
-260.543600 245.038000 -262.373000 249.492200
-259.463100 241.441900 -260.958300 244.686500
-258.338800 237.858000 -260.958300 244.686500
-257.174300 234.290800 -259.468300 239.895200
-255.948100 230.729700 -257.904500 235.136400
-254.680100 227.195300 -256.289600 230.486800
-253.365400 223.704600 -256.289600 230.486800
-252.024000 220.230700 -254.561200 225.805200
-250.667100 216.782300 -252.783100 221.170700
-249.287500 213.348300 -250.983200 216.550400
-247.875300 209.945400 -250.983200 216.550400
-246.421800 206.558700 -249.089500 211.931100
-244.916800 203.207700 -247.144100 207.374100
-243.384000 199.870800 -245.134500 202.885800
-241.813200 196.565100 -245.134500 202.885800
-240.196400 193.309900 -243.005900 198.387000
-238.542200 190.099200 -240.948000 194.241400
-236.861600 186.913700 -238.781200 190.104700
-235.165000 183.752000 -238.781200 190.104700
-233.429300 180.624500 -236.531500 185.891800
-231.622200 177.521500 -234.177300 181.699100
-229.743800 174.321000 -231.735700 177.518400
-227.826100 171.097900 -231.735700 177.518400
-225.852800 167.897800 -229.197800 173.314100
-223.810500 164.722600 -226.523100 169.073000
-221.724500 161.612100 -223.762100 164.893700
-219.613800 158.543000 -223.762100 164.893700
-217.478100 155.515000 -220.970300 160.827000
-215.316600 152.527500 -218.179600 156.885500
-213.150700 149.586800 -215.241900 152.813900
-210.962200 146.680800 -215.241900 152.813900
-208.737800 143.822600 -212.482000 149.139200
-206.471900 140.984900 -209.458900 145.281700
-204.155100 138.176200 -206.400300 141.532100
-201.784400 135.400600 -206.400300 141.532100
-199.366200 132.630100 -203.264900 137.842400
-196.890900 129.861700 -199.982700 134.085400
-194.370200 127.108500 -196.658000 130.423500
-191.775000 124.378600 -196.658000 130.423500
-189.124000 121.658100 -193.192100 126.757700
-186.413300 118.972100 -189.737400 123.197900
-183.652100 116.299900 -185.875100 119.377200
-180.833900 113.636200 -185.875100 119.377200
-177.941000 111.012300 -182.229800 115.904600
-175.004800 108.364000 -178.299100 112.297800
-172.053900 105.709500 -174.455100 108.829700
-169.069600 103.080200 -174.455100 108.829700
-166.066100 100.446500 -170.471900 105.297000
-163.075100 97.812220 -166.457600 101.774000
-160.138200 95.134100 -162.693400 98.423000
-157.200100 92.475810 -162.693400 98.423000
-154.275600 89.830860 -158.883600 94.975830
-151.375100 87.179520 -154.940600 91.380480
-148.492200 84.507520 -151.058300 87.828000
-145.590800 81.847270 -151.058300 87.828000
-142.660500 79.211590 -147.166200 84.255840
-139.724700 76.580210 -143.229600 80.694350
-136.784200 73.943950 -139.235500 77.108850
-133.841200 71.308100 -139.235500 77.108850
-130.910700 68.676740 -135.285200 73.538720
-127.984900 66.040280 -131.322000 69.968150
-125.063100 63.430430 -127.580200 66.590650
-122.156900 60.831360 -127.580200 66.590650
-119.245300 58.228170 -123.607600 63.013890
-116.347300 55.617720 -119.718600 59.520640
-113.455700 53.003780 -115.741600 55.937940
-110.532900 50.381290 -115.741600 55.937940
-107.626500 47.762710 -111.791900 52.381860
-104.694500 45.120130 -107.934300 48.950080
-101.763800 42.487340 -104.068700 45.491640
-98.798280 39.841630 -104.068700 45.491640
-95.852140 37.183550 -100.250000 42.102800
-92.880440 34.532400 -96.279790 38.527150
-89.902870 31.874270 -92.203030 34.909940
-86.914010 29.212990 -92.203030 34.909940
-83.926180 26.550970 -88.066000 31.243650
-80.937000 23.913040 -84.085360 27.685400
-77.954470 21.290830 -80.072550 24.131820
-74.988480 18.686980 -80.072550 24.131820
-72.057280 16.091360 -76.307510 20.796180
-69.169900 13.500340 -72.249160 17.194360
-66.299690 10.910920 -68.326670 13.677850
-63.479030 8.339491 -68.326670 13.677850
-60.679800 5.771217 -64.580530 10.289360
-57.915100 3.248503 -60.752120 6.775720
-55.221770 0.803962 -57.059390 3.403167
-52.611160 -1.543085 -57.059390 3.403167
-50.088880 -3.789114 -53.642940 0.286641
-47.643790 -5.973092 -50.498540 -2.547746
-45.315860 -8.034447 -47.296860 -5.389554
-43.113230 -9.933193 -47.296860 -5.389554
-41.031450 -11.662370 -44.430700 -7.885234
-39.046940 -13.214250 -41.709330 -10.151820
-37.082270 -14.591780 -39.237900 -12.039910
-35.097350 -15.760670 -37.354820 -13.262910
-33.058170 -16.673330 -35.414780 -14.286760
-30.971870 -17.280460 -33.421940 -15.031870
-28.865760 -17.581610 -31.372930 -15.496660
-26.784970 -17.545160 -29.312500 -15.630790
-24.786370 -17.180030 -27.333100 -15.450980
-22.895390 -16.501740 -25.477680 -14.956580
-21.151920 -15.579560 -23.646360 -14.175240
-19.536240 -14.512750 -21.917310 -13.168110
-17.952400 -13.439350 -22.005830 -13.204500
-16.387990 -12.406440 -19.857980 -11.800060
-14.863100 -11.417480 -17.747450 -10.375870
-13.393330 -10.522110 -15.751820 -9.061789
-12.012560 -9.712136 -15.751660 -9.092306
-10.724060 -9.005949 -13.996330 -8.027009
-9.550035 -8.378380 -12.382680 -7.100397
-8.515855 -7.864360 -10.982300 -6.334237
-7.666677 -7.451274 -10.922280 -6.325157
-6.965634 -7.116444 -9.833786 -5.756577
-6.290034 -6.754992 -8.870110 -5.268119
-5.683176 -6.365703 -8.202090 -4.914535
-5.115930 -5.951422 -7.472677 -4.494683
-4.546901 -5.474396 -7.110282 -4.245967
-3.918483 -4.841217 -6.126546 -3.469882
-3.251958 -4.063126 -5.391602 -2.756415
-2.618666 -3.132043 -4.725316 -1.977584
-1.995823 -2.041747 -4.019560 -0.950819
-1.444291 -0.709844 -3.384009 0.257479
-0.945890 0.845441 -2.778863 1.763212
-0.637858 2.648628 -2.321710 3.489052
-0.490261 4.697446 -2.094293 4.767191
-0.464139 6.920857 -1.887855 7.616683
-0.531398 9.295931 -1.873523 9.162464
-0.624242 11.817770 -1.942263 12.465760
-0.711873 14.466010 -1.957405 12.441380
-0.825265 17.247450 -2.088854 15.874630
-0.950867 20.106980 -2.214278 19.683180
-1.111700 23.081510 -2.387534 23.889550
-1.318962 26.177850 -2.381973 23.633560
-1.558337 29.342010 -2.619666 27.884720
-1.802380 32.590800 -2.927274 32.192150
-2.057718 35.829860 -3.251208 36.593980
-2.317142 39.134640 -3.250716 36.569080
-2.563489 42.479060 -3.563159 40.934410
-2.782512 45.832490 -3.868687 45.409040
-2.981824 49.222850 -4.163814 50.037480
-3.156600 52.663260 -4.163780 49.947560
-3.326194 56.134890 -4.411984 54.596110
-3.502086 59.661300 -4.667675 59.282630
-3.713046 63.193690 -4.908142 64.141880
-3.925554 66.778030 -4.903801 64.072140
-4.099562 70.366360 -5.148986 68.738230
-4.323029 73.928460 -5.397724 73.536700
-4.525824 77.456260 -5.644002 78.259670
-4.726372 80.968850 -5.635770 78.209880
-4.944700 84.450320 -5.875883 82.903070
-5.155943 87.868120 -6.102113 87.527060
-5.329539 91.294920 -6.345927 91.974500
-5.470861 94.700890 -6.354187 91.911680
