0 0.000140 1.412180 100.000000 13.513514
0 0.000044 1.398080 200.000000 13.605442
0 0.000031 1.407238 300.000000 14.084507
10 0.000075 1.497141 100.000000 13.513514
10 0.000059 1.445136 200.000000 13.698630
10 0.000024 1.430796 300.000000 14.150944
20 0.000255 1.413362 100.000000 13.513514
20 0.000118 1.412118 200.000000 13.698630
20 0.000036 1.407239 300.000000 14.285714
30 0.000138 1.447733 100.000000 13.513514
30 0.000029 1.416896 200.000000 13.793103
30 0.000041 1.415998 300.000000 14.354067
40 0.000467 1.401186 100.000000 13.333333
40 0.000047 1.412164 200.000000 13.888889
40 0.000045 1.395056 300.000000 14.492754
50 0.000312 1.432704 100.000000 13.333333
50 0.000053 1.415834 200.000000 13.986014
50 0.000029 1.415466 300.000000 14.563107
60 0.000194 1.387400 100.000000 13.333333
60 0.000149 1.405933 200.000000 13.986014
60 0.000059 1.409192 300.000000 14.634147
70 0.000303 1.427199 100.000000 13.333333
70 0.000133 1.401273 200.000000 14.184397
80 0.000152 1.393999 100.000000 13.513514
80 0.000083 1.416284 200.000000 14.285714
90 0.000073 1.461695 100.000000 13.513514
90 0.000103 1.430856 200.000000 14.492754
100 0.000186 1.434987 100.000000 13.698630
100 0.000020 1.419342 200.000000 14.705882
110 0.000477 1.426419 100.000000 14.084507
110 0.000172 1.421337 200.000000 14.814815
120 0.000397 1.407711 100.000000 14.285714
120 0.000172 1.413817 200.000000 15.037594
130 0.000084 1.419457 100.000000 14.492754
130 0.000047 1.424363 200.000000 15.151515
140 0.000139 1.428794 100.000000 14.705882
150 0.000258 1.439482 100.000000 14.925373
160 0.000260 1.403179 100.000000 15.151515
170 0.000209 1.406785 100.000000 15.384615
180 0.000154 1.420862 100.000000 15.384615
190 0.000078 1.415942 100.000000 15.625000
200 0.000090 1.433709 100.000000 15.625000
