0 0.000160 0.008014 100.000000 13.513514
0 0.000078 0.012408 200.000000 13.605442
0 0.000033 0.004387 300.000000 14.084507
10 0.000074 0.046755 100.000000 13.513514
10 0.000054 0.025106 200.000000 13.698630
10 0.000046 0.012263 300.000000 14.218010
20 0.000211 0.008684 100.000000 13.513514
20 0.000121 0.005651 200.000000 13.793103
20 0.000035 0.006421 300.000000 14.285714
30 0.000158 0.045065 100.000000 13.513514
30 0.000021 0.007890 200.000000 13.793103
30 0.000045 0.009057 300.000000 14.423077
40 0.000544 0.026284 100.000000 13.333333
40 0.000046 0.014862 200.000000 13.888889
40 0.000040 0.011829 300.000000 14.492754
50 0.000283 0.031792 100.000000 13.333333
50 0.000077 0.019598 200.000000 13.986014
50 0.000042 0.019257 300.000000 14.563107
60 0.000183 0.030052 100.000000 13.333333
60 0.000147 0.011646 200.000000 14.084507
60 0.000058 0.009968 300.000000 14.634147
70 0.000232 0.025722 100.000000 13.333333
70 0.000134 0.009155 200.000000 14.184397
80 0.000126 0.014442 100.000000 13.513514
80 0.000094 0.016723 200.000000 14.388489
90 0.000076 0.011187 100.000000 13.698630
90 0.000106 0.025004 200.000000 14.492754
100 0.000201 0.018980 100.000000 13.888889
100 0.000028 0.012695 200.000000 14.705882
110 0.000438 0.038748 100.000000 14.084507
110 0.000136 0.033138 200.000000 14.925373
120 0.000332 0.026927 100.000000 14.285714
120 0.000149 0.027859 200.000000 15.037594
130 0.000110 0.002433 100.000000 14.492754
130 0.000065 0.016886 200.000000 15.267176
140 0.000097 0.021215 100.000000 14.705882
150 0.000235 0.034355 100.000000 14.925373
160 0.000287 0.018547 100.000000 15.151515
170 0.000193 0.004032 100.000000 15.384615
180 0.000189 0.006780 100.000000 15.384615
190 0.000061 0.013416 100.000000 15.625000
200 0.000129 0.022836 100.000000 15.625000
