0 0.000158 0.032273 100.000000 13.513514
0 0.000079 0.032283 200.000000 13.605442
0 0.000034 0.030406 300.000000 14.084507
10 0.000096 0.058502 100.000000 13.513514
10 0.000056 0.040729 200.000000 13.698630
10 0.000045 0.033772 300.000000 14.218010
20 0.000231 0.037447 100.000000 13.513514
20 0.000114 0.033618 200.000000 13.793103
20 0.000035 0.032758 300.000000 14.285714
30 0.000159 0.054865 100.000000 13.513514
30 0.000022 0.031146 200.000000 13.793103
30 0.000043 0.030730 300.000000 14.423077
40 0.000542 0.034326 100.000000 13.333333
40 0.000047 0.025829 200.000000 13.888889
40 0.000042 0.022049 300.000000 14.492754
50 0.000286 0.047541 100.000000 13.333333
50 0.000072 0.039884 200.000000 13.986014
50 0.000038 0.040387 300.000000 14.563107
60 0.000202 0.033512 100.000000 13.333333
60 0.000149 0.019887 200.000000 14.084507
60 0.000064 0.021606 300.000000 14.634147
70 0.000225 0.033079 100.000000 13.333333
70 0.000133 0.021680 200.000000 14.184397
80 0.000103 0.027427 100.000000 13.513514
80 0.000088 0.027812 200.000000 14.388489
90 0.000075 0.029021 100.000000 13.698630
90 0.000111 0.039690 200.000000 14.492754
100 0.000202 0.040658 100.000000 13.888889
100 0.000035 0.036404 200.000000 14.705882
110 0.000431 0.057247 100.000000 14.084507
110 0.000137 0.052137 200.000000 14.925373
120 0.000329 0.054126 100.000000 14.285714
120 0.000148 0.055318 200.000000 15.037594
130 0.000114 0.032889 100.000000 14.492754
130 0.000073 0.038814 200.000000 15.267176
140 0.000094 0.041730 100.000000 14.705882
150 0.000233 0.044151 100.000000 14.925373
160 0.000286 0.025786 100.000000 15.151515
170 0.000186 0.024817 100.000000 15.384615
180 0.000184 0.024842 100.000000 15.384615
190 0.000067 0.038208 100.000000 15.625000
200 0.000131 0.049352 100.000000 15.625000
