0.000445 2.625299 -0.000000 -0.000000
0.004158 6.581638 0.047235 2.081637
0.007728 10.569630 0.047235 2.081637
-0.001862 14.580480 0.173482 10.463460
0.000483 18.634690 0.275156 16.070450
-0.000765 22.705750 0.375644 21.510200
-0.005061 26.820300 0.375644 21.510200
0.007939 30.949840 0.461799 27.029730
0.010173 35.110830 0.570500 32.800860
0.016969 39.301560 0.669345 38.401290
0.021344 43.518580 0.669345 38.401290
0.034080 47.757040 0.791998 44.051040
0.028958 52.028310 0.898226 49.634250
0.016809 56.316600 1.009574 55.448160
0.006524 60.603180 1.009574 55.448160
-0.002874 64.871870 1.121723 61.074780
-0.019364 69.115930 1.216295 66.732640
-0.042147 73.339860 1.318972 72.441330
-0.054585 77.540790 1.318972 72.441330
-0.048832 81.710950 1.395777 77.946320
-0.060720 85.865620 1.537795 83.570910
-0.098132 90.006340 1.646251 89.224670
-0.145460 94.103390 1.646251 89.224670
-0.212031 98.165450 1.744452 94.773740
-0.269402 102.205400 1.836855 100.117000
-0.315395 106.220800 1.933263 105.410500
-0.373776 110.244600 1.933263 105.410500
-0.421968 114.228600 2.015622 110.807200
-0.433415 118.227400 2.125411 116.141000
-0.447293 122.268400 2.222401 121.525100
-0.464133 126.337100 2.222401 121.525100
-0.474280 130.407000 2.317114 126.906400
-0.465103 134.461400 2.411510 132.295400
-0.464572 138.512400 2.503651 137.633200
-0.470457 142.562200 2.503651 137.633200
-0.481393 146.601100 2.583243 143.116000
-0.488799 150.648100 2.679774 148.485500
-0.520340 154.684300 2.772127 153.937700
-0.499605 158.731900 2.772127 153.937700
-0.483652 162.778800 2.868553 159.491700
-0.459926 166.839000 2.959529 164.818300
-0.438972 170.919800 3.057042 170.311300
-0.377930 175.029100 3.057042 170.311300
-0.321404 179.160700 3.169263 175.772400
-0.314056 183.309800 3.276455 181.087200
-0.308728 187.498800 3.412667 186.981100
-0.303004 191.712800 3.412667 186.981100
-0.294530 195.959200 3.523443 192.583000
-0.315003 200.224200 3.620763 198.037900
-0.351843 204.532500 3.744504 204.086800
-0.342198 208.867900 3.744504 204.086800
-0.353316 213.245300 3.860250 209.955500
-0.355981 217.661500 3.980371 215.985000
-0.371188 222.105300 4.105781 221.956800
-0.378771 226.569100 4.105781 221.956800
-0.376609 231.045400 4.219289 227.837800
-0.376469 235.539000 4.351649 234.062900
-0.382906 240.060300 4.481487 240.044900
-0.379639 244.602000 4.481487 240.044900
-0.368389 249.168200 4.596801 246.253800
-0.359890 253.757000 4.708810 252.513000
-0.347449 258.361200 4.816571 258.785800
-0.329134 262.973100 4.816571 258.785800
-0.320818 267.598100 4.931817 265.025400
-0.315594 272.218500 5.035009 271.070600
-0.311421 276.853500 5.131808 277.260700
-0.289754 281.495800 5.131808 277.260700
-0.244730 286.145400 5.250782 283.386500
-0.204525 290.810300 5.346672 289.554100
-0.175311 295.500700 5.498569 296.059100
-0.149830 300.236700 5.498569 296.059100
-0.124580 305.009500 5.622180 302.115100
-0.096500 309.818900 5.742328 308.758300
-0.106523 314.668200 5.866019 315.229300
-0.105842 319.552500 5.866019 315.229300
-0.098831 324.439700 5.989782 321.688200
-0.084970 329.324200 6.106652 328.302700
-0.058449 334.189300 6.246173 334.797900
-0.045480 339.021100 6.246173 334.797900
-0.036810 343.852800 6.396365 341.340800
-0.037072 348.655100 6.519896 347.864600
-0.062771 353.446400 6.643933 354.149600
-0.097300 358.221800 6.643933 354.149600
-0.132221 362.989000 6.792878 360.542300
-0.166861 367.781100 6.945503 366.991000
-0.222998 372.615400 7.065810 373.454000
-0.262588 377.387300 7.065810 373.454000
-0.287793 382.220200 7.188599 379.961000
-0.311017 387.067800 7.322266 386.578300
-0.323800 391.935900 7.454010 393.131200
