0 0.000160 0.009424 100.000000 13.513514
0 0.000080 0.012729 200.000000 13.605442
0 0.000037 0.004302 300.000000 14.084507
10 0.000106 0.044935 100.000000 13.513514
10 0.000065 0.024518 200.000000 13.698630
10 0.000045 0.011548 300.000000 14.218010
20 0.000239 0.008533 100.000000 13.513514
20 0.000127 0.005495 200.000000 13.793103
20 0.000034 0.006092 300.000000 14.285714
30 0.000143 0.045852 100.000000 13.513514
30 0.000027 0.008107 200.000000 13.793103
30 0.000032 0.009150 300.000000 14.423077
40 0.000541 0.027187 100.000000 13.333333
40 0.000049 0.016030 200.000000 13.888889
40 0.000038 0.012891 300.000000 14.492754
50 0.000286 0.030228 100.000000 13.333333
50 0.000076 0.019102 200.000000 13.986014
50 0.000046 0.018935 300.000000 14.563107
60 0.000180 0.028777 100.000000 13.333333
60 0.000143 0.012667 200.000000 14.084507
60 0.000051 0.012008 300.000000 14.634147
70 0.000228 0.028920 100.000000 13.333333
70 0.000132 0.009368 200.000000 14.184397
80 0.000114 0.011858 100.000000 13.513514
80 0.000091 0.015310 200.000000 14.388489
90 0.000072 0.014449 100.000000 13.698630
90 0.000104 0.026629 200.000000 14.492754
100 0.000195 0.019733 100.000000 13.888889
100 0.000032 0.011465 200.000000 14.705882
110 0.000434 0.037582 100.000000 14.084507
110 0.000139 0.030916 200.000000 14.925373
120 0.000338 0.023607 100.000000 14.285714
120 0.000149 0.024284 200.000000 15.037594
130 0.000112 0.003400 100.000000 14.492754
130 0.000061 0.017896 200.000000 15.267176
140 0.000101 0.020027 100.000000 14.705882
150 0.000223 0.035053 100.000000 14.925373
160 0.000274 0.018087 100.000000 15.151515
170 0.000183 0.006547 100.000000 15.384615
180 0.000174 0.008812 100.000000 15.384615
190 0.000071 0.016239 100.000000 15.625000
200 0.000133 0.022972 100.000000 15.625000
