-0.093743 1.716275 0.000000 -0.000000
-0.234382 4.291335 -0.022176 2.080803
-0.374955 6.865477 -0.022176 2.080803
-0.515547 9.440275 -0.120906 6.053865
-0.656205 12.015410 -0.262507 9.380585
-0.799251 14.600260 -0.442694 12.831880
-0.960916 17.268960 -0.442694 12.831880
-1.118651 19.997220 -0.651833 16.421890
-1.280807 22.774320 -0.889952 20.103930
-1.436633 25.596940 -1.136227 23.840340
-1.586551 28.454660 -1.136227 23.840340
-1.728893 31.377650 -1.362216 27.738820
-1.870663 34.320210 -1.588274 31.611240
-2.061112 37.428500 -1.842029 35.562850
-2.256115 40.538550 -1.842029 35.562850
-2.465214 43.593020 -2.107712 39.615670
-2.661881 46.598030 -2.381923 43.564190
-2.871336 49.556000 -2.667496 47.487580
-3.065844 52.495010 -2.667496 47.487580
-3.248811 55.391780 -2.949656 51.383860
-3.438994 58.274000 -3.241810 55.228520
-3.641784 61.091250 -3.529743 58.944730
-3.843940 63.815190 -3.529743 58.944730
-4.046625 66.421630 -3.830302 62.558500
-4.244856 68.909940 -4.112519 65.939610
-4.445510 71.284370 -4.419826 69.104520
-4.644343 73.480650 -4.419826 69.104520
-4.837515 75.507440 -4.707524 71.959790
-4.985837 77.344090 -4.976894 74.538560
-5.133801 79.049530 -5.215061 76.833060
-5.208269 80.634550 -5.215061 76.833060
-5.236828 82.097010 -5.419113 79.912070
-5.105620 83.454540 -5.386543 81.290430
-4.817297 84.728690 -5.222706 82.510790
-4.336344 85.853730 -4.917493 83.746840
-3.656380 86.812100 -4.455395 84.659980
-2.817803 87.594010 -3.797321 85.562550
-1.847638 88.187990 -3.010213 86.272830
-0.811071 88.641590 -2.063951 86.904260
0.302092 88.930470 -1.109070 87.311440
1.434583 89.210560 -0.430530 87.546170
2.662750 89.372100 1.186082 87.933030
4.002128 89.520590 2.051168 88.080780
5.460049 89.603320 2.969441 88.205350
7.050381 89.654730 4.442176 88.340620
8.800912 89.701670 6.689486 88.474570
10.714580 89.719540 9.199411 88.581200
12.781900 89.727290 9.255946 88.575670
15.002600 89.776310 12.069400 88.667060
17.354730 89.883630 15.087940 88.793260
19.768190 90.033380 18.361940 88.998420
22.217350 90.182690 18.379700 88.999140
24.666600 90.317320 21.697100 89.246200
27.100090 90.457820 24.983690 89.485620
29.533440 90.568020 28.258530 89.704880
31.943240 90.604090 28.193480 89.703670
34.324240 90.562410 31.356470 89.829460
36.663630 90.442530 33.763040 89.853230
38.940490 90.251650 36.113060 89.801960
41.145740 90.002900 39.033780 89.572090
43.274630 89.723990 41.910020 89.305600
45.284970 89.460220 41.944360 89.301640
47.143970 89.244510 44.604700 89.015550
48.831470 89.126950 46.969070 88.790370
50.416700 89.148420 49.037780 88.701420
51.963840 89.335560 50.559420 88.793260
53.430560 89.750370 52.032150 89.057810
54.738890 90.388600 53.357140 89.555850
55.835930 91.271120 54.542440 90.302290
56.722440 92.356020 55.472060 91.172440
57.370050 93.610620 56.290870 92.322190
57.812420 94.981600 56.845630 93.528580
58.162240 96.402170 57.144770 94.415630
58.486940 97.888060 57.399090 95.354530
58.813990 99.460870 57.753670 96.895090
59.209760 101.110600 58.217400 99.040100
59.635460 102.888300 58.743810 101.391200
60.134240 104.754400 58.729580 101.440300
60.649730 106.692300 59.344670 103.970100
61.177220 108.760700 59.973930 106.572600
61.696270 110.929500 60.667710 109.482100
62.234170 113.189100 60.657060 109.444300
62.784830 115.564300 61.360890 112.513700
63.334630 118.012100 62.064670 115.753300
63.870330 120.502600 62.758310 119.022100
64.449810 123.021500 62.750460 118.988500
65.066290 125.571200 63.483270 122.330500
65.658090 128.120500 64.252740 125.705400
66.298360 130.557300 65.053740 129.151600
66.932080 133.060100 65.442120 130.821600
67.539460 135.459900 66.199140 134.128000
68.126590 137.872600 66.185710 134.093500
68.655350 140.266200 66.900700 137.247700
69.187890 142.659800 67.572850 140.521700
69.694160 145.028400 68.216400 143.707800
70.131500 147.439500 68.225100 143.694000
70.507970 149.819900 68.835700 147.060900
70.857030 152.237000 69.293710 150.062700
71.148280 154.664900 69.690580 153.351000
71.368370 157.136000 69.691920 153.370200
71.545650 159.601800 70.030910 156.713400
71.665010 162.054900 70.256840 160.093600
71.775400 164.563800 70.403740 163.412300
71.889120 167.018700 70.496350 165.890800
71.930660 169.517300 70.496150 165.869400
71.947120 172.037900 70.527300 169.112800
71.922420 174.551700 70.503680 171.627700
71.800480 177.110400 70.422120 174.844900
71.660010 179.631600 70.234190 178.206800
71.538190 182.214100 70.228850 178.283800
71.419630 184.762800 70.046430 181.679800
71.283990 187.333200 69.879640 184.298400
71.136850 189.856200 69.650090 187.769600
70.964250 192.373200 69.412450 191.160400
70.791150 194.863500 69.412450 191.160400
70.629110 197.195700 69.175540 194.490900
70.503800 199.315700 68.923270 197.661900
70.378520 201.434200 68.690680 200.550600
70.253080 203.554600 68.690680 200.550600
70.127680 205.673200 68.484190 203.285000
69.999050 207.797100 68.359440 205.864300
69.994640 209.740000 68.286540 208.496800
70.019510 211.649800 68.286540 208.496800
70.030310 213.601900 68.283630 211.073000
70.006440 215.556500 68.279560 213.620100
69.982810 217.578800 68.284100 216.243200
69.956510 219.646300 68.284100 216.243200
69.960540 221.624700 68.237620 218.963600
69.984300 223.672300 68.154660 221.745700
69.986070 225.713400 68.061780 224.561500
69.961180 227.773200 68.061780 224.561500
69.924290 229.792700 67.957220 227.358000
69.871450 231.769000 67.850200 230.102000
69.827100 233.650000 67.755150 232.670000
69.782790 235.365900 67.755150 232.670000
69.664050 236.931700 67.570770 236.023800
69.425420 238.441600 67.452960 237.114200
69.022170 239.831600 67.091660 239.008000
68.414950 241.092500 66.648900 240.303400
67.609370 242.161600 66.078390 241.291900
66.672910 243.070200 65.323440 242.250900
65.621050 243.784500 64.456140 243.008800
64.520420 244.320000 63.437000 243.669600
63.308500 244.683100 62.255080 244.172800
61.939660 244.884400 60.929990 244.486100
60.461500 244.953900 60.029870 244.596100
58.885590 244.928300 57.883240 244.670900
57.192410 244.850300 56.108660 244.604600
55.348170 244.770900 56.273060 244.590400
53.337730 244.675800 53.942710 244.450300
51.206680 244.461400 51.112330 244.285100
48.868140 244.284500 47.965020 244.107200
46.381860 244.141000 47.925830 244.098200
43.781980 244.016000 44.497680 243.931700
41.193420 243.884100 40.972120 243.772100
38.579040 243.742400 37.376990 243.594500
35.965320 243.663800 37.487590 243.598800
33.341940 243.540600 34.006320 243.370900
30.719810 243.392900 30.554480 243.115000
28.124530 243.284900 27.140160 242.879100
25.563090 243.208100 27.093860 242.895200
23.047250 243.114500 23.763800 242.674500
20.555360 243.017200 20.447740 242.476200
18.116450 242.898000 17.138680 242.289300
15.701470 242.742600 17.141710 242.303000
13.322600 242.536200 13.937380 242.071100
11.009120 242.295900 10.796530 241.781100
8.787789 242.069500 7.786263 241.468500
6.700094 241.864800 7.856769 241.454500
4.739786 241.695800 5.064208 241.143400
2.907815 241.566500 2.524178 240.900900
1.213038 241.449100 0.223915 240.715200
-0.324785 241.378800 0.293521 240.714200
-1.717128 241.330500 -1.592583 240.607700
-2.957329 241.317600 -3.346735 240.522800
-4.038108 241.337500 -4.845087 240.479800
-4.943153 241.365500 -4.795332 240.484300
-5.617740 241.399300 -6.016317 240.475300
-6.055183 241.428800 -6.761419 240.486000
-6.292219 241.448100 -7.106550 240.491600
-6.421901 241.458600 -6.963507 240.503400
-6.445881 241.456200 -6.949636 240.494300
-6.441162 241.459100 -6.949636 240.494300
-6.435232 241.473300 -6.997771 240.489300
-6.462353 241.493500 -7.174748 240.484900
-6.528339 241.506000 -7.214399 240.483100
-6.662736 241.512300 -7.384713 240.489000
-6.960563 241.530300 -7.757947 240.495500
-7.433982 241.575000 -7.693879 240.497900
-8.055734 241.661200 -8.780079 240.557500
-8.793327 241.820600 -9.255301 240.607900
-9.588231 242.097200 -10.350220 240.800500
-10.437130 242.485400 -11.147750 241.052800
-11.295880 243.047100 -12.076550 241.471300
-12.079170 243.810000 -13.005780 242.084900
-12.766450 244.770600 -13.670610 242.818500
-13.318280 245.979800 -14.410420 243.883500
-13.722350 247.381900 -15.005940 245.246700
-13.993610 248.989100 -15.435380 246.854100
-14.142370 250.776000 -15.666420 248.564800
-14.240360 252.724300 -15.827840 250.530600
-14.307120 254.816900 -15.833020 250.560200
-14.375760 257.054800 -15.989500 253.439000
-14.447320 259.440900 -16.049790 256.338600
-14.528740 261.943400 -16.191910 259.712500
-14.623060 264.585600 -16.179820 259.641000
-14.708690 267.323000 -16.326630 263.121900
-14.814240 270.161800 -16.474010 266.965300
-14.944000 273.125700 -16.695840 270.833300
-15.035340 276.155700 -16.699060 270.863400
-15.140940 279.245300 -16.881270 274.918400
-15.257430 282.397700 -17.104130 279.123300
-15.385880 285.555700 -17.322260 283.215500
-15.535620 288.750600 -17.311740 283.274300
-15.687360 291.914700 -17.548480 287.462600
-15.834860 295.036500 -17.863710 291.754200
-15.991060 298.139100 -18.175190 295.979500
-16.161930 301.216800 -18.150770 295.953000
-16.334330 304.293900 -18.410090 300.086100
-16.503430 307.356500 -18.697800 304.077300
-16.666320 310.429700 -18.951200 308.245600
-16.796270 313.525400 -18.955980 308.193400
-16.926910 316.656200 -19.239480 312.390300
-17.069050 319.831700 -19.459090 316.655100
-17.223680 323.045500 -19.706470 320.984000
-17.395860 326.294000 -19.704030 320.834500
-17.561630 329.524400 -19.960650 325.191200
-17.719010 332.731300 -20.188960 329.366300
-17.900430 335.939300 -20.452360 333.653700
-18.071960 339.098000 -20.455140 333.587800
-18.239730 342.181300 -20.700500 337.802500
-18.398210 345.184400 -20.960800 341.986900
-18.572480 348.105900 -21.199050 345.808600
-18.755060 350.925000 -21.202230 345.733800
-18.932310 353.619300 -21.457100 349.484500
-19.084440 356.172000 -21.733570 352.975800
-19.190840 358.544700 -21.951110 356.248700
-19.281520 360.709100 -21.928210 356.115500
-19.364880 362.648200 -22.091700 358.987400
-19.435380 364.404800 -22.208680 361.480600
-19.512930 365.946600 -22.329260 363.665300
-19.649890 367.322100 -22.428520 365.106200
-19.892230 368.628200 -22.532550 365.990200
-20.252090 369.891500 -22.847540 367.730300
-20.791750 371.054200 -23.206550 368.776400
-21.487330 372.119200 -23.687050 369.722400
-22.400060 373.113800 -24.418900 370.766900
-23.514160 373.922600 -25.389110 371.720900
-24.828720 374.589100 -26.602130 372.501800
-26.313780 374.997800 -27.986260 373.041600
-27.968970 375.108000 -29.597820 373.318000
-29.722230 374.986600 -31.343240 373.348000
-31.561500 374.788900 -32.505270 373.268500
-33.456030 374.582400 -34.388820 373.063100
-35.494020 374.385300 -37.099320 372.788200
-37.624260 374.163100 -37.137490 372.773400
-39.884590 373.957100 -40.006130 372.457000
-42.294220 373.767800 -43.130770 372.173500
-44.851270 373.618600 -46.541750 371.919000
-47.522840 373.490900 -46.623870 371.910700
-50.237360 373.372000 -50.176640 371.683800
-53.000110 373.257500 -53.752620 371.468000
-55.754610 373.127700 -57.489630 371.256900
-58.489490 372.995400 -57.526560 371.261400
-61.217110 372.854000 -61.144860 371.031200
-63.932820 372.668500 -64.697060 370.793700
-66.615190 372.470900 -68.274880 370.496600
-69.300010 372.271700 -68.296070 370.490800
-71.958490 372.083400 -71.957930 370.167400
-74.613120 371.927700 -75.501970 369.880700
-77.243790 371.817600 -79.014980 369.640900
-79.849740 371.735400 -79.009860 369.640500
-82.448730 371.697400 -82.584310 369.481200
-85.015590 371.704100 -85.971620 369.390900
-87.445480 371.725300 -89.270900 369.353800
-89.695430 371.748300 -89.397440 369.361400
-91.744210 371.753800 -92.221190 369.343700
-93.584570 371.721300 -94.823600 369.310700
-95.366880 371.645500 -97.233030 369.214900
-97.116000 371.527700 -97.237160 369.204400
-98.846360 371.389000 -99.443270 369.060300
-100.610100 371.211400 -101.908600 368.825600
-102.430900 371.005500 -104.350500 368.548900
-104.313400 370.788700 -104.353000 368.548400
-106.301400 370.553200 -106.890600 368.235200
-108.425900 370.299900 -109.589800 367.877500
-110.625300 370.063600 -112.524800 367.522100
-113.039100 369.849500 -114.010800 367.369000
-115.512500 369.657200 -117.396100 367.062300
-118.178300 369.455100 -117.373200 367.057600
-120.917600 369.337500 -120.952400 366.777500
-123.822000 369.268500 -123.786400 366.603000
-126.757300 369.228600 -126.670700 366.516700
-129.739200 369.205900 -130.633100 366.454500
-132.737000 369.161300 -134.646800 366.384700
-135.699500 369.131300 -134.629300 366.370700
-138.667900 369.063000 -138.639900 366.267900
-141.577800 368.942900 -142.591600 366.085900
-144.486000 368.839000 -146.505300 365.884700
-147.377400 368.709500 -146.522100 365.873300
-150.227800 368.540700 -150.337500 365.628200
-153.083900 368.367900 -154.199400 365.345200
-155.901600 368.175200 -157.987500 365.042100
-158.683500 367.984500 -158.080200 365.049900
-161.437100 367.820500 -161.763300 364.760200
-164.144900 367.670700 -165.488800 364.497200
-166.743400 367.524800 -169.006300 364.264500
-169.213800 367.384800 -168.940400 364.257000
-171.494900 367.269400 -172.101800 364.042200
-173.606900 367.160800 -175.056100 363.856200
-175.504300 367.028500 -177.654100 363.671900
-177.287900 366.876300 -177.594800 363.669500
-178.948300 366.700600 -180.032300 363.455300
-180.524500 366.392200 -182.668300 363.099500
-182.023400 365.894200 -184.201300 362.714100
-183.399200 365.191500 -185.696300 362.176900
-184.596000 364.244500 -186.919500 361.408400
-185.600000 363.065200 -187.990000 360.383500
-186.364600 361.651500 -188.936100 359.075000
-186.883600 360.051400 -189.612800 357.538600
-187.124700 358.297100 -189.936500 355.980100
-187.195500 356.419300 -190.109000 354.115800
-187.209700 354.465800 -190.146700 352.768900
-187.125200 352.422500 -190.150000 351.422600
-186.971000 350.260800 -190.063400 349.409800
-186.769900 347.985700 -189.839800 346.380200
-186.532900 345.585000 -189.550500 343.157200
-186.242200 343.095600 -189.557400 343.220400
-185.936900 340.495400 -189.173000 339.789100
-185.649900 337.789200 -188.768300 336.241100
-185.382600 335.019400 -188.365800 332.575400
-185.134200 332.220800 -188.348600 332.522700
-184.899500 329.439300 -187.990400 328.745600
-184.692700 326.641900 -187.650500 324.984100
-184.486100 323.835000 -187.356700 321.223300
-184.280300 321.000600 -187.358400 321.250900
-184.127700 318.141900 -187.094300 317.600900
-183.978900 315.260000 -186.851100 313.658800
-183.812400 312.407300 -186.617900 309.849500
-183.654200 309.562200 -186.616700 309.826800
-183.502700 306.737100 -186.375900 306.144700
-183.378600 303.927100 -186.162700 302.371700
-183.289500 301.144500 -185.966000 298.662200
-183.208700 298.368800 -185.966200 298.603400
-183.122800 295.601700 -185.789000 294.855800
-182.982000 292.843600 -185.602300 291.025900
-182.817100 290.034100 -185.345400 287.231900
-182.672600 287.222000 -185.353400 287.286300
-182.494800 284.346300 -185.094700 283.449300
-182.348800 281.464600 -184.806200 279.584400
-182.200300 278.528900 -184.568300 275.644500
-182.050900 275.608600 -184.561900 275.669700
-181.885100 272.670100 -184.349100 271.704800
-181.698600 269.743000 -184.100800 267.691400
-181.502400 266.785500 -183.831000 263.728000
-181.286200 263.816200 -183.825700 263.750400
-181.084300 260.859000 -183.512400 259.791400
-180.848300 257.824800 -183.176200 255.739600
-180.627500 254.849100 -182.812200 251.699700
-180.435400 251.890900 -182.821900 251.671900
-180.251400 248.947400 -182.498000 247.669600
-180.077100 246.059900 -182.198500 243.831100
-179.932000 243.222200 -181.937900 240.008700
-179.800900 240.508500 -181.947500 240.108200
-179.645000 237.914800 -181.717300 236.419700
-179.522100 235.417700 -181.485000 232.952600
-179.443500 233.048900 -181.323400 229.718700
-179.395200 230.845400 -181.361900 230.035900
-179.377000 228.830400 -181.258700 227.168000
-179.361600 227.009400 -181.207400 224.621900
-179.313800 225.382900 -181.140700 222.385500
-179.211800 223.965500 -181.047400 220.949300
-178.995500 222.642300 -180.894500 219.487900
-178.609800 221.398200 -180.629100 218.275600
-178.021500 220.277800 -180.190900 217.086300
-177.281700 219.190700 -179.574100 215.862000
-176.315400 218.205000 -178.775300 214.862400
-175.108000 217.339600 -177.640400 213.793700
-173.598300 216.631800 -176.206400 212.870300
-171.884200 216.128100 -174.636000 212.247900
-169.938900 215.824900 -172.819500 211.812500
-167.862500 215.670800 -171.573500 211.667300
-165.717900 215.599700 -170.175100 211.577400
-163.500900 215.552400 -168.135500 211.550800
-161.211900 215.524100 -165.168400 211.551100
-158.798300 215.506300 -162.015500 211.597100
-156.333400 215.474900 -162.015500 211.597100
-153.798000 215.521500 -158.705700 211.658700
-151.149500 215.545000 -155.227300 211.784700
-148.464800 215.609200 -151.689800 211.894600
-145.761200 215.721700 -151.689800 211.894600
-143.047300 215.845300 -148.016700 212.094700
-140.354300 216.015300 -144.423100 212.342100
-137.657100 216.247400 -140.830800 212.687400
-134.989700 216.485500 -140.830800 212.687400
-132.361200 216.725700 -137.247400 213.054000
-129.819900 216.954200 -133.806500 213.397600
-127.369200 217.130500 -130.345800 213.704900
-125.076000 217.289000 -130.345800 213.704900
-122.978300 217.394200 -127.376400 213.947900
-121.074700 217.452000 -124.668100 214.094700
-119.253800 217.487000 -122.209400 214.177400
-117.452800 217.501500 -122.209400 214.177400
-115.661000 217.500200 -120.028200 214.198800
-113.898200 217.530400 -117.393800 214.244300
-112.188000 217.587200 -115.688000 214.254600
-110.483800 217.777500 -113.364800 214.380400
-108.832700 218.145800 -111.671100 214.629900
-107.256300 218.728200 -110.079500 215.023400
-105.792600 219.476200 -108.573100 215.624300
-104.503500 220.453800 -107.183800 216.456700
-103.370900 221.616000 -106.066600 217.402800
-102.437600 222.932700 -104.961000 218.643100
-101.723700 224.345800 -104.276700 219.768700
-101.236600 225.851200 -103.658900 221.184000
-100.915700 227.438600 -103.197600 222.726000
-100.634700 229.003000 -102.872600 224.183400
-100.355700 230.520900 -102.838400 224.229900
-100.012200 231.987300 -102.429900 226.247400
-99.599560 233.386100 -101.871300 228.488600
-98.996290 234.559900 -101.427000 229.634800
-98.348550 235.540100 -100.895100 230.647000
-97.491420 236.281400 -100.187000 231.541200
-96.563560 236.781500 -99.361000 232.237500
-95.613480 237.212600 -98.518520 232.698700
-94.564720 237.578100 -97.539560 233.122600
-93.378270 237.826600 -96.748460 233.358000
-92.065800 238.037600 -94.933250 233.728400
-90.600520 238.207100 -93.937770 233.872800
-88.966180 238.333600 -92.370930 234.040500
-87.134840 238.488000 -89.977450 234.244800
-85.139540 238.614700 -89.933930 234.248900
-82.995990 238.713600 -87.259360 234.466300
-80.731250 238.835900 -84.358450 234.665300
-78.338900 238.957400 -81.242720 234.865100
-75.911080 239.102600 -81.218540 234.870700
-73.418340 239.247000 -77.919090 235.041800
-70.862210 239.411700 -74.523820 235.185200
-68.236450 239.513000 -71.030220 235.320500
-65.565890 239.621000 -71.050790 235.325700
-62.884820 239.754000 -67.452830 235.497500
-60.208980 239.903300 -63.922630 235.712500
-57.561130 240.056500 -60.441850 235.948700
-55.002920 240.208900 -60.443290 235.931600
-52.461970 240.385500 -57.090190 236.187400
-49.960260 240.516300 -53.629560 236.433100
-47.478300 240.661600 -50.309510 236.682900
-45.048220 240.827100 -50.250820 236.644700
-42.654540 241.018700 -47.056110 236.898500
-40.374760 241.236000 -43.886540 237.170100
-38.244120 241.461500 -40.982650 237.427900
-36.175260 241.674900 -40.907590 237.434300
-34.127460 241.881500 -38.091550 237.687400
-32.155730 242.064400 -35.431490 237.922800
-30.336300 242.239600 -32.923210 238.117400
-28.681680 242.373000 -33.045210 238.111400
-27.206340 242.453700 -30.815530 238.263700
-25.872110 242.479300 -28.928390 238.342100
-24.684510 242.456000 -27.307370 238.350400
-23.636810 242.368500 -26.272640 238.319200
-22.745080 242.231200 -25.384270 238.268000
-22.034710 242.112400 -24.770730 238.191200
-21.516180 241.984700 -24.240180 238.118600
-21.032600 241.835100 -23.732500 238.031500
-20.564160 241.692800 -23.277470 237.925000
-20.103750 241.524500 -22.976050 237.840600
-19.551220 241.265200 -22.196620 237.598000
-18.853050 240.845400 -21.516150 237.301700
-18.086130 240.258100 -20.768690 236.856600
-17.299030 239.465900 -19.854490 236.156600
-16.585650 238.455900 -18.985850 235.210700
-15.980300 237.181700 -18.264390 234.104300
-15.551690 235.705600 -17.674510 232.673500
-15.237130 233.988000 -17.248170 231.011600
-15.035830 232.048700 -17.048740 229.713700
-14.902940 229.921400 -16.798490 226.939700
-14.851830 227.595900 -16.798240 226.945800
-14.812860 225.100600 -16.688580 223.854500
-14.790540 222.430100 -16.614920 220.388600
-14.744020 219.600800 -16.510080 216.593000
-14.681160 216.624600 -16.511620 216.638100
-14.559980 213.519300 -16.404990 212.644800
-14.405260 210.299000 -16.212710 208.411200
-14.244290 206.985200 -15.980500 204.029000
-14.036400 203.614200 -15.959650 204.072100
-13.812700 200.191300 -15.663070 199.719900
-13.591500 196.732600 -15.333930 195.177500
-13.354210 193.229500 -15.005360 190.424800
-13.126070 189.690000 -15.003480 190.506400
-12.916990 186.094000 -14.669590 185.764200
-12.731900 182.450100 -14.375210 180.888200
-12.566930 178.745200 -14.109760 176.138600
-12.396050 174.987200 -14.107910 176.139900
-12.227520 171.178900 -13.852090 171.016700
-12.071480 167.326000 -13.622170 165.846500
-11.901920 163.431800 -13.357940 160.584900
-11.720260 159.530400 -13.355960 160.609900
-11.528050 155.601800 -13.121060 155.440400
-11.343440 151.642400 -12.848910 150.162100
-11.142960 147.689600 -12.525670 144.865600
-10.896520 143.749200 -12.523060 144.876200
-10.650260 139.827200 -12.203860 139.696400
-10.410780 135.927300 -11.883720 134.540600
-10.197030 132.060800 -11.566790 129.407100
-9.983675 128.271600 -11.571490 129.417700
-9.768507 124.586400 -11.233730 124.371900
-9.557928 121.055300 -10.914940 119.580800
-9.369618 117.693700 -10.647610 115.092500
-9.200535 114.472100 -10.645290 115.096000
-9.061229 111.449400 -10.418660 110.902000
-8.931383 108.631000 -10.209500 107.022000
-8.810192 106.036100 -10.039650 103.637600
-8.714586 103.666700 -10.033060 103.723500
-8.579986 101.489100 -9.877695 100.669600
-8.297513 99.529500 -9.567174 97.332170
-7.822238 97.787860 -9.239848 95.816730
-7.139675 96.220460 -8.722749 94.307840
-6.241788 94.829150 -8.008271 92.897640
-5.158326 93.620760 -7.105200 91.599720
-3.910527 92.633660 -5.982678 90.544230
-2.475933 91.875730 -4.710701 89.707320
-0.953585 91.376990 -3.381422 89.118650
0.610299 91.091770 -1.866214 88.725330
2.208440 90.915010 -0.430908 88.533770
3.858709 90.805900 0.622462 88.462650
5.610331 90.710490 2.861336 88.382820
7.446192 90.618500 2.861336 88.382820
9.399524 90.501180 5.310745 88.333030
11.479730 90.400480 8.045591 88.283390
13.711860 90.309310 10.998040 88.238680
16.085620 90.296110 10.998040 88.238680
18.596670 90.402150 14.171650 88.269070
21.177450 90.596610 16.734020 88.391860
23.779620 90.826670 20.274070 88.673960
26.353250 91.014620 23.773360 88.976460
28.915710 91.120230 26.377440 89.123460
31.447940 91.111230 28.998070 89.221320
33.964420 90.997740 31.473810 89.166830
36.481320 90.800320 31.473810 89.166830
39.031160 90.580100 34.859730 88.982170
41.656720 90.362430 38.249610 88.742450
44.342960 90.161050 41.838590 88.518100
47.042730 89.971080 41.838590 88.518100
49.732130 89.736970 45.575610 88.301200
52.379280 89.354210 50.003210 87.910640
54.968500 88.786820 51.675900 87.631200
57.486950 88.064510 55.092200 86.871610
59.967010 87.222230 56.664540 86.389460
62.489200 86.306720 59.211370 85.572010
64.987970 85.371870 62.645720 84.363450
67.548010 84.410830 62.645720 84.363450
70.135210 83.400150 66.004110 83.152190
72.720960 82.281930 69.540200 81.810350
75.294640 81.026180 71.335060 81.076250
77.934750 79.678800 73.997510 79.838940
80.595120 78.300090 77.484170 78.069660
83.237810 76.927920 81.065580 76.279190
85.840430 75.538820 81.027470 76.282980
88.369180 74.062970 84.525630 74.469410
90.792620 72.508150 88.720610 71.995190
93.104350 70.855730 90.360310 70.931110
95.308540 69.114830 91.890810 69.861470
97.416180 67.330560 94.109980 68.180840
99.451290 65.590790 96.789890 65.943290
101.380500 63.966620 99.473810 63.760310
103.192500 62.514710 99.454730 63.754300
104.866600 61.221030 101.861700 61.858370
106.472000 59.956760 104.000300 60.238670
108.065900 58.674990 106.103500 58.611650
109.621000 57.400470 106.129400 58.605760
111.184000 56.090510 108.215700 56.941170
112.797400 54.718930 110.385900 55.146360
114.495000 53.301690 112.663100 53.273460
116.281700 51.901960 112.595200 53.332380
118.184900 50.515520 114.996300 51.444760
120.173200 49.100540 117.587500 49.547510
122.242200 47.599320 120.342100 47.561610
124.364600 46.028410 120.391800 47.529300
126.576200 44.378130 123.308100 45.440710
128.856800 42.670770 126.297300 43.263720
131.194400 40.922780 129.395400 40.956690
133.518000 39.194000 129.332200 41.008660
135.848000 37.430390 132.490100 38.676710
138.166000 35.691480 135.516900 36.476770
140.513900 34.021560 138.572500 34.296530
142.832700 32.348190 138.517800 34.327970
145.118800 30.675490 141.618600 32.104840
147.378500 28.982770 144.691000 29.877790
149.616700 27.299000 147.707800 27.657720
151.798300 25.672770 147.727300 27.646620
153.870900 24.103060 150.622700 25.534580
155.795100 22.599360 153.269900 23.578310
157.567100 21.175120 155.227200 22.101600
159.120100 19.881740 157.480900 20.319250
160.555500 18.690110 158.907500 19.183250
162.010800 17.662520 160.458900 18.048020
163.579600 16.891220 161.824900 17.291870
165.181700 16.359800 163.459200 16.603060
166.884400 16.039170 165.142200 16.162970
168.667400 15.922110 166.900200 15.907440
170.525800 15.941800 168.063900 15.848500
172.440200 15.971130 170.001800 15.811530
174.444000 15.959010 172.631800 15.795210
176.477000 15.903350 172.651200 15.799110
178.585300 15.796770 175.404000 15.735490
180.750600 15.659270 178.252900 15.594730
182.953800 15.464370 181.217200 15.390000
185.219000 15.302340 181.216300 15.382840
187.511200 15.130490 184.268800 15.163860
189.813900 14.959210 187.382200 14.950690
192.113700 14.776240 190.471900 14.750180
194.461000 14.578040 190.459900 14.746350
196.830900 14.362970 193.646300 14.528330
199.263300 14.116070 196.833900 14.268660
201.755200 13.869800 200.156600 13.984640
204.262600 13.617820 200.126200 13.985630
206.796000 13.389100 203.417000 13.695200
209.305700 13.173480 206.774500 13.422530
211.854500 12.979730 210.161600 13.181520
214.376000 12.800540 210.209200 13.188330
216.944700 12.587920 213.622800 12.957170
219.523300 12.357330 217.095400 12.694620
222.151900 12.137010 220.596000 12.428600
224.809100 11.944950 220.473600 12.440880
227.484300 11.736780 223.999800 12.190210
230.174800 11.491230 227.549900 11.924450
232.863400 11.232370 231.128700 11.646090
235.563700 10.991120 231.182900 11.626150
238.224400 10.719920 234.804800 11.310820
240.885600 10.467360 238.335800 11.005920
243.500800 10.248770 241.856000 10.695150
246.090800 10.042910 241.825000 10.713480
248.655600 9.850928 245.302400 10.454270
251.153900 9.672126 248.727400 10.221020
253.551400 9.508367 252.032800 10.011800
255.833600 9.349230 251.932200 10.034630
257.979200 9.197519 254.937900 9.869708
259.925700 8.975124 257.728900 9.691042
261.610100 8.662332 260.349200 9.461823
263.292600 8.350028 262.192100 9.260438
264.972800 8.038313 263.926800 8.976411
266.652900 7.726849 265.499000 8.682383
268.329600 7.415961 265.499000 8.682383
269.438900 7.121329 267.342200 8.273343
270.377700 6.915676 268.553000 7.978138
271.180200 6.803106 269.387900 7.801426
271.947400 6.781844 270.422300 7.649250
272.708500 6.863175 271.211400 7.617881
273.448300 7.056585 271.941000 7.663126
274.160100 7.353067 272.621300 7.811583
274.935400 7.808509 273.485500 8.127995
275.651000 8.694219 274.343000 8.676264
276.215400 9.977662 275.051500 9.335158
276.761000 11.251270 275.696800 10.240590
277.289300 12.511500 276.318400 11.512130
277.801400 13.754730 276.885600 13.086240
278.292200 14.983130 277.164600 14.144060
278.599900 16.875040 277.665500 16.692190
278.816600 18.943450 277.851500 18.112500
279.006400 21.212700 277.986000 19.595680
279.118800 23.659890 278.180600 22.762570
279.256900 26.256370 278.351200 26.284140
279.430000 28.981770 278.351200 26.284140
279.623300 31.776040 278.530900 29.863570
279.815000 34.640650 278.777900 33.629090
280.047600 37.595490 279.064000 37.537510
280.271300 40.561180 279.064000 37.537510
280.485600 43.591550 279.361300 41.508580
280.691200 46.638240 279.650000 45.527250
280.894200 49.698950 279.940300 49.699590
281.109600 52.745410 279.940300 49.699590
281.323700 55.822110 280.210300 53.713490
281.535500 58.894460 280.503300 57.801390
281.790400 61.973850 280.830800 61.820440
282.088900 65.030150 280.830800 61.820440
282.317100 68.123450 281.176000 65.979560
282.523800 71.175790 281.481600 70.051500
282.680600 74.245110 281.731900 74.085150
282.864900 77.282640 281.731900 74.085150
283.098500 80.325530 281.991700 78.150340
283.357100 83.339010 282.259100 82.204960
283.604700 86.365770 282.562200 86.231640
283.852400 89.345300 282.562200 86.231640
284.129800 92.361340 282.872400 90.193330
284.430300 95.340960 283.241600 94.168170
284.793000 98.335460 283.670600 98.090910
285.237200 101.285500 283.670600 98.090910
285.688600 104.203600 284.229200 102.065400
286.157800 107.095500 284.809700 105.801900
286.641700 109.957100 285.427000 109.753700
287.077000 112.802800 285.427000 109.753700
287.491000 115.592900 286.012600 113.550100
287.920600 118.337900 286.491800 117.079200
288.317100 120.935900 286.971500 120.686600
288.710200 123.463200 286.971500 120.686600
289.134900 125.865300 287.475100 124.148500
289.590600 128.118300 287.991900 127.264500
290.058800 130.182800 288.422100 129.466500
290.523700 132.039000 288.865000 131.431700
291.010300 133.731900 289.441800 133.679700
291.438700 135.309900 289.459000 133.753100
291.855800 136.891800 290.017200 135.874800
292.123900 138.490000 290.636800 138.498800
292.239500 140.068500 290.833500 140.169900
292.127600 141.676900 290.835300 141.696100
291.029500 143.108800 290.614400 143.240600
289.928700 144.505800 290.126600 144.806900
288.831900 145.870700 289.366500 146.206000
287.745100 147.203900 288.233600 147.655900
286.674200 148.508400 286.838400 148.894200
285.218400 149.615700 285.095900 150.021100
283.264400 150.526800 283.895000 150.652600
281.243600 151.472100 281.268000 151.953600
279.142200 152.489200 281.261900 151.938400
276.943000 153.583500 278.435000 153.346500
274.640200 154.780100 275.370300 154.911900
272.241200 156.074700 272.293200 156.529300
269.752700 157.422000 272.258200 156.547600
267.236600 158.807600 268.949200 158.317100
264.684300 160.222400 265.603300 160.142800
262.160600 161.709300 262.226500 162.085500
259.725100 163.293400 259.685000 163.671600
257.349900 164.952800 257.286900 165.281500
255.011000 166.651500 257.292900 165.267300
252.619500 168.351100 254.190200 167.485000
250.164300 170.018200 251.024000 169.690500
247.682300 171.635900 247.733200 171.836200
245.126300 173.224000 245.214400 173.369100
242.548800 174.722000 245.104500 173.453300
239.945500 176.172300 241.675900 175.415300
237.309700 177.571800 238.199000 177.292900
234.693200 178.932100 234.604900 179.182800
232.104300 180.305600 234.624100 179.172900
229.551600 181.658600 231.205600 180.940400
227.043200 183.024800 227.813000 182.743200
224.579500 184.376400 224.491700 184.559700
222.160200 185.672600 224.460100 184.590200
219.814700 186.944300 221.277600 186.277400
217.579200 188.137300 218.192000 187.916400
215.410800 189.259700 215.253000 189.456800
213.403600 190.277900 215.311700 189.411600
211.527100 191.221900 212.764700 190.705100
209.817600 192.095800 210.361200 191.900900
208.297700 192.868100 208.231400 192.990200
206.968200 193.578400 208.193700 193.005300
205.865300 194.206200 206.469500 193.886800
204.973800 194.747600 205.107900 194.627200
204.316300 195.181100 204.362100 195.055800
203.737400 195.602300 203.749100 195.436400
203.210200 196.105800 203.175100 195.815700
202.696800 196.620600 202.392700 196.375500
202.144200 197.133000 202.390800 196.373300
201.473700 197.759400 201.493200 197.042300
200.573200 198.528800 200.461300 197.910500
199.482000 199.428500 199.034600 199.081400
198.198700 200.446700 197.801500 200.082800
196.761100 201.508800 196.392900 201.151100
195.184900 202.599000 194.818500 202.265300
193.288100 203.734200 193.068900 203.414700
191.283500 204.885300 191.257600 204.493300
189.279000 206.036300 191.246700 204.508800
187.275300 207.186700 188.595600 206.027000
185.272600 208.336500 185.804900 207.581700
183.204100 209.508400 182.900400 209.168400
180.929900 210.774300 182.835500 209.214800
178.619300 212.048100 179.787300 210.909400
176.321500 213.330200 176.691700 212.620400
174.024500 214.608700 173.614400 214.333100
171.754700 215.878900 173.629000 214.315500
169.515300 217.138500 170.587400 215.997000
167.327500 218.336000 167.616500 217.637900
165.285500 219.466500 164.850900 219.144400
163.394800 220.485400 164.857200 219.139300
161.653300 221.359700 162.365500 220.469000
160.045000 222.107800 160.158500 221.574400
158.407800 222.712800 158.061800 222.483700
156.741800 223.119400 156.341800 223.052900
155.079700 223.337300 154.592300 223.421100
153.375200 223.375200 152.871300 223.573000
151.587600 223.291200 151.648400 223.585700
149.703300 223.122300 150.396000 223.544000
147.697400 222.947800 147.738900 223.369800
145.559400 222.768000 144.815900 223.123200
143.255100 222.576300 144.852100 223.133000
140.825300 222.367500 141.729400 222.877300
138.238300 222.212600 138.357100 222.631800
135.505900 222.075700 134.707200 222.447800
132.663600 221.969500 134.769500 222.439300
129.720900 221.858000 130.879000 222.279700
126.663200 221.699300 126.852400 222.124700
123.629900 221.554900 122.755400 221.961100
120.566400 221.374500 122.811000 221.964800
117.510800 221.171400 118.730900 221.760800
114.517900 220.968300 114.662500 221.524600
111.525900 220.772200 110.646700 221.281300
108.601100 220.585800 110.657100 221.264200
105.691500 220.424200 106.748700 221.031200
102.797100 220.263800 102.886400 220.832500
99.942900 220.117000 99.018350 220.656300
97.108700 219.956700 98.989990 220.648100
94.343720 219.761900 95.232760 220.452300
91.704060 219.564100 91.519960 220.242600
89.187440 219.382600 88.119770 219.998200
86.853370 219.207900 88.260260 220.012600
84.722070 219.078600 85.101910 219.770000
82.768890 219.013700 82.283060 219.579600
80.972640 219.075500 79.833650 219.529600
79.229300 219.254500 78.055930 219.621000
77.556090 219.622800 76.322750 219.881200
75.960560 220.193700 74.665100 220.337700
74.503440 221.032800 73.093850 221.023400
73.247040 222.197000 71.742760 221.955900
72.168900 223.540300 70.629740 223.109700
71.281570 225.143300 69.605370 224.544600
70.601490 226.926700 68.786650 226.230200
70.127700 228.840900 68.170440 228.162500
69.878300 230.896400 67.916380 229.476200
69.713240 233.064700 67.622440 232.336100
69.624990 235.277300 67.518960 234.603500
69.560920 237.559500 67.515070 234.644400
69.520270 239.919800 67.438420 237.764100
69.480170 242.355500 67.345910 240.993900
69.422430 244.904300 67.252670 244.389800
69.286960 247.537300 67.242600 244.378600
69.141070 250.228700 67.078700 247.894100
68.999880 253.025600 66.929990 251.580000
68.856910 255.930900 66.755580 255.418800
68.703600 258.907800 66.762860 255.332800
68.517870 262.029500 66.594210 259.488800
68.350620 265.186400 66.426440 263.643100
68.163940 268.396000 66.247800 267.889400
67.965540 271.613500 66.242530 267.804300
67.785340 274.806600 66.020650 272.143300
67.592920 277.988600 65.803320 276.521200
67.386620 281.166500 65.584040 280.739700
67.179990 284.300900 65.566030 280.757600
66.973690 287.456300 65.342730 284.827600
66.759970 290.605100 65.116560 289.100300
66.549740 293.741800 64.914090 293.263300
66.346760 296.850700 64.918610 293.134700
66.146280 299.919800 64.719800 297.103800
65.909190 302.991000 64.494760 301.206600
65.661260 306.016700 64.227740 305.236300
65.383130 309.038800 64.232110 305.271800
65.047660 312.028400 63.919470 309.060600
64.674680 315.008300 63.525590 313.144200
64.241860 317.963200 63.052140 317.097200
63.806810 320.916600 63.058180 317.153700
63.420100 323.896000 62.563820 320.958300
63.075590 326.901600 62.112580 324.944200
62.777190 329.896600 61.751520 328.921800
62.594940 332.932100 61.747790 328.925100
62.454760 335.950600 61.463130 333.043200
62.310500 338.994000 61.232580 337.132700
62.164400 342.041400 61.058050 341.184200
62.032770 345.031500 61.039670 341.405700
61.912010 348.006900 60.879090 345.376200
61.789860 350.918300 60.708820 349.390300
61.707910 353.706100 60.578010 353.149700
61.613990 356.391400 60.577630 353.068600
61.552410 358.953500 60.472210 356.607400
61.565970 361.378700 60.425150 359.913900
61.590200 363.597500 60.466650 362.940800
61.625890 365.650000 60.457580 362.891500
61.641400 367.672700 60.511170 365.715000
61.643910 369.692400 60.544620 368.389900
61.558330 371.675600 60.521930 370.383800
61.361890 373.698200 60.366440 373.068100
61.080590 375.805500 60.134040 375.077200
60.745070 378.022000 60.121030 375.168800
60.413740 380.393600 59.718610 378.092600
60.147400 382.875100 59.291820 381.400100
59.937190 385.515500 59.029360 383.924700
59.814310 388.251900 58.862830 386.746200
59.766100 391.128100 58.750830 390.548600
59.764420 394.096900 58.736520 390.562200
59.747220 397.211000 58.700690 394.567800
59.696040 400.418200 58.654760 398.823600
59.615900 403.624200 58.588020 403.094900
59.476640 406.849000 58.558440 403.198600
59.320890 410.042500 58.398470 407.569500
59.145110 413.205600 58.189990 411.804500
58.968930 416.364600 57.971820 416.074300
58.806860 419.496400 57.973340 415.973800
58.627840 422.584600 57.787140 420.135700
58.480820 425.636500 57.581340 424.228400
58.342980 428.577300 57.399970 428.193200
58.179110 431.377400 57.411640 428.127700
57.995810 434.043700 57.237990 431.748600
57.753920 436.572100 57.007760 435.241600
57.470620 438.947800 56.702030 438.489700
57.148870 441.181700 56.699370 438.442000
56.787470 443.237900 56.324650 441.421000
56.419550 445.075600 55.902330 443.907700
56.186420 446.732100 55.612940 445.630300
56.373540 448.149300 55.405110 447.731600
57.096360 449.280500 55.458840 449.267500
57.797660 450.368100 55.783520 450.522100
58.469280 451.417300 56.335150 451.736100
59.099960 452.419000 57.093750 452.609400
59.693890 453.395700 57.963130 453.279900
60.829550 453.823400 58.905940 453.780500
62.117600 454.031500 60.182710 454.194300
63.555790 454.181300 61.546670 454.402600
65.165260 454.224000 62.512960 454.450000
66.918750 454.288600 64.858700 454.549400
68.815140 454.380000 64.858700 454.549400
70.861760 454.481400 67.456440 454.637700
73.024940 454.593700 70.156110 454.761400
75.355670 454.739600 73.270400 454.942700
77.804190 454.892700 73.270400 454.942700
80.358960 455.052400 76.558920 455.143000
83.002440 455.239300 80.025580 455.367000
85.770950 455.413200 83.609510 455.592400
88.576960 455.537100 83.609510 455.592400
91.445490 455.682100 87.428510 455.781700
94.360010 455.843500 91.257410 455.969100
97.273730 456.002300 95.149510 456.179100
100.205200 456.167400 95.149510 456.179100
103.127500 456.340300 99.107820 456.386700
106.027500 456.485500 103.042300 456.598700
108.937600 456.607600 106.943300 456.775700
111.801100 456.761000 106.943300 456.775700
114.663200 456.917400 110.804000 456.954300
117.476100 457.050500 114.365900 457.135000
120.235700 457.204700 118.001500 457.320200
122.966100 457.385600 118.001500 457.320200
125.683400 457.589900 121.731200 457.528800
128.360800 457.860800 125.349800 457.780300
130.996800 458.220100 127.981100 458.076500
133.617900 458.652700 130.572700 458.439500
136.184300 459.149000 133.983900 459.025300
138.747700 459.707800 133.973700 459.030900
141.245600 460.326800 137.413500 459.738800
143.730000 461.004600 139.934900 460.343500
146.138800 461.754900 142.388200 461.013900
148.533300 462.601100 145.666800 462.048100
150.875400 463.493900 148.773500 463.145300
153.185400 464.427100 148.773500 463.145300
155.466500 465.389800 151.897100 464.341000
157.706600 466.401400 155.023200 465.642300
159.890600 467.475000 157.247300 466.663100
162.026600 468.596800 160.115500 468.096400
164.086300 469.739700 162.201100 469.226300
166.113000 470.938000 164.186200 470.397100
168.030000 472.130000 164.198400 470.391800
169.790400 473.311900 166.747100 471.975500
171.405900 474.441600 169.148800 473.577700
172.855100 475.469200 171.073600 474.929700
174.154100 476.359800 171.018100 474.900500
175.306100 477.078500 173.464600 476.529800
176.328600 477.623500 174.161200 476.960200
177.349500 478.091100 175.538600 477.661200
178.418800 478.406500 176.569600 478.070700
179.483300 478.557800 177.616500 478.362100
180.532000 478.545600 178.623800 478.501500
181.664800 478.384600 179.779900 478.495500
182.853600 478.068600 180.963500 478.330300
184.062500 477.505100 182.229700 477.900400
185.324000 476.651900 183.506100 477.218000
186.626300 475.461000 184.873400 476.144300
188.001900 474.001700 186.273100 474.749600
189.455200 472.316500 187.255500 473.657600
190.983500 470.404200 188.892800 471.720600
192.628300 468.328400 191.071000 468.952100
194.407600 466.101300 190.988900 469.030100
196.244800 463.736100 193.363300 465.970100
198.105400 461.325800 195.731200 462.831500
199.985200 458.920500 198.153800 459.629800
201.876600 456.527900 198.202400 459.558300
203.779600 454.144500 200.723500 456.299200
205.684800 451.785300 203.172200 453.215100
207.587600 449.439600 205.599700 450.205700
209.486400 447.113900 205.584600 450.200100
211.359400 444.786300 208.096200 447.037600
213.214900 442.474200 210.613900 443.897800
215.069500 440.180800 212.993700 440.900600
216.924900 437.908400 213.014700 440.866900
218.830200 435.603200 215.509300 437.777700
220.784100 433.242000 217.891800 434.835600
222.789700 430.840100 220.617700 431.521900
224.813600 428.408200 220.596700 431.538800
226.833500 425.995400 223.302800 428.220600
228.852900 423.583200 225.894200 425.050900
230.871600 421.171900 228.605600 421.782200
232.891600 418.759100 228.558700 421.823200
234.910900 416.347200 231.235500 418.616300
236.823000 414.107800 233.839400 415.509500
238.394100 412.113700 236.209700 412.640600
239.552300 410.295700 236.143300 412.754600
240.709400 408.481300 238.250000 410.139900
241.865700 406.670700 240.215300 407.381800
243.022600 404.863700 241.156500 405.756000
243.966000 403.113100 241.733600 404.233600
244.092200 401.451800 242.078100 402.522100
243.761300 399.751700 241.972200 401.187300
243.150200 398.275400 241.553400 399.725800
242.226700 396.884600 240.845400 398.352300
241.061000 395.599800 239.822000 396.964400
239.705900 394.403400 238.521000 395.631900
238.175300 393.294500 237.121800 394.509900
236.419400 392.300600 235.318400 393.348800
234.459400 391.403600 233.324700 392.365800
232.296800 390.642000 231.973000 391.818800
229.928300 389.982900 228.851300 390.803300
227.393300 389.389600 227.204600 390.378500
224.668900 388.898300 223.610600 389.634700
221.793400 388.499000 220.638600 389.183500
218.753000 388.110100 220.669900 389.198900
215.598900 387.729100 216.556100 388.701400
212.374300 387.364600 212.272700 388.243100
209.090300 387.016800 207.929400 387.824600
205.769200 386.697400 207.914900 387.817400
202.412600 386.399000 203.419600 387.416900
199.045700 386.119600 198.867300 387.073700
195.673600 385.866600 194.308300 386.778600
192.318400 385.628000 194.439600 386.808800
188.992700 385.419600 189.939600 386.541700
185.689500 385.243800 185.491600 386.312200
182.429100 385.082400 181.169600 386.103800
179.191400 384.930500 181.152800 386.092100
175.998400 384.780500 176.844500 385.895700
172.833800 384.646900 172.554400 385.701700
169.703100 384.518800 168.450100 385.538900
166.621100 384.405900 168.538800 385.533000
163.623500 384.321500 164.550400 385.376200
160.758900 384.263600 160.627100 385.267500
158.068600 384.244300 156.885600 385.191100
155.559000 384.244400 156.978000 385.232000
153.212500 384.204900 153.513300 385.189700
151.033700 384.091400 150.481900 385.120700
149.059400 383.872700 148.568300 384.987700
147.360800 383.500700 146.134700 384.705700
145.917000 382.883100 144.775500 384.266000
144.682600 382.019000 143.442700 383.618600
143.726400 380.925400 142.300600 382.682500
143.040100 379.649600 141.455700 381.560800
142.611000 378.230900 140.951300 380.404100
142.361800 376.682500 140.511000 378.859200
142.230400 374.988900 140.274500 377.246300
142.149700 373.190200 140.170000 376.118900
142.129800 371.279100 140.095000 374.392900
142.119000 369.215000 140.028400 371.675000
142.117500 367.008300 140.020800 371.618700
142.176700 364.637300 139.989400 368.577500
142.269700 362.110400 140.039400 365.258800
142.373000 359.411700 140.150200 361.661200
142.526800 356.549700 140.150100 361.764500
142.692500 353.551700 140.310400 357.900300
142.835600 350.477000 140.498500 353.832900
143.009300 347.339000 140.693800 349.707900
143.169400 344.158300 140.690500 349.622400
143.356400 340.955400 140.892300 345.358500
143.556100 337.763600 141.120700 341.054200
143.732800 334.563700 141.338300 336.797300
143.935400 331.393800 141.350700 336.784600
144.158000 328.197900 141.552000 332.506300
144.356600 324.983500 141.736800 328.263600
144.534000 321.695300 141.926400 323.886500
144.698000 318.364400 141.919000 324.087300
144.878900 314.970200 142.102600 319.581500
145.081700 311.522000 142.272400 315.195100
145.301800 308.031600 142.463000 310.600600
145.503800 304.508000 142.492500 310.273000
145.708200 300.964000 142.665900 305.588900
145.923800 297.408500 142.855800 300.890700
146.152500 293.882800 143.068500 296.165900
146.390400 290.389700 143.064500 296.269100
146.613600 286.900400 143.293200 291.622500
146.826100 283.435200 143.537100 286.962100
147.033100 279.993600 143.757000 282.310900
147.244600 276.532600 143.758000 282.387100
147.422700 273.125800 143.971100 277.748300
147.582500 269.770200 144.157600 273.267000
147.765000 266.399500 144.329900 268.811800
147.954700 263.099000 144.350800 268.784200
148.136400 259.853200 144.548700 264.445100
148.303900 256.631500 144.711300 260.141700
148.483600 253.495400 144.848400 255.889400
148.645900 250.505500 144.870300 255.710300
148.802900 247.619800 145.052700 251.642800
148.957100 244.924000 145.222400 247.875400
149.120900 242.376200 145.401300 244.439100
149.300100 239.994300 145.411800 244.566800
149.468000 237.816200 145.587200 241.344200
149.628100 235.849500 145.776600 238.554200
149.788500 234.085500 145.962800 236.154100
149.888300 232.499000 145.941800 236.290500
149.886700 231.066100 146.103100 233.321100
149.728600 229.773800 146.036500 232.013300
149.399000 228.552100 145.851200 230.732400
148.906200 227.392400 145.490700 229.638800
148.257000 226.334800 144.986100 228.506600
147.397200 225.347400 144.289500 227.407500
146.332100 224.463300 143.350500 226.349200
145.054700 223.731900 142.288600 225.572700
143.556900 223.139100 140.889600 224.796100
141.904100 222.690300 139.373000 224.227700
140.095400 222.406000 138.213300 223.931300
138.122500 222.217700 135.702500 223.522000
135.967800 222.085700 133.591100 223.334100
133.621000 221.981100 133.576700 223.328000
131.136500 221.929900 130.415100 223.133500
128.449800 221.891200 126.924200 223.022300
125.589200 221.860300 123.128100 222.907800
122.658800 221.839300 123.089800 222.910800
119.664900 221.789800 119.121000 222.806300
116.644100 221.711700 115.060000 222.666300
113.625600 221.625200 111.153600 222.485700
110.649400 221.433200 111.108900 222.501000
107.726500 221.225500 107.129900 222.276700
104.789800 221.038600 103.138400 222.086500
101.892600 220.868000 99.277130 221.852400
99.026160 220.712600 99.445140 221.852900
96.193030 220.537100 95.613980 221.668200
93.396190 220.385800 91.768990 221.488800
90.728710 220.262100 88.121990 221.303500
88.234040 220.149200 88.216040 221.295300
85.997980 219.985500 84.949490 221.132300
84.015240 219.854900 82.142430 220.987000
82.322020 219.740900 79.762460 220.863900
80.851380 219.691700 79.675690 220.851000
79.466870 219.724100 76.802730 220.833800
78.094210 219.912400 75.406060 220.924800
76.794600 220.239500 74.075360 221.158300
75.546160 220.757700 72.855080 221.509900
74.382630 221.428600 71.599190 222.030700
73.268960 222.354700 70.412360 222.784700
72.271920 223.460600 69.407290 223.677100
71.423800 224.790900 68.449730 224.804200
70.764820 226.271900 67.667670 226.098100
70.238320 227.726300 67.053620 227.455300
69.877040 229.218200 66.593500 228.955200
69.661770 230.754000 66.374420 229.968900
69.533100 232.343200 66.116690 232.095000
69.443340 233.967200 66.017850 233.665700
69.378840 235.601500 66.014860 233.679300
69.230100 237.232000 65.915640 235.832300
68.978710 238.847800 65.670000 238.482600
68.575100 240.383400 65.382910 239.987800
67.988300 241.693300 64.912420 241.395200
67.125370 242.831100 64.283520 242.590400
66.086350 243.807300 63.424340 243.756300
64.869540 244.556500 62.328350 244.652400
63.555630 245.119600 61.115980 245.345300
62.083690 245.413500 59.736850 245.813300
60.547830 245.534100 58.218250 246.065600
58.935830 245.520200 56.666630 246.140600
57.176410 245.424300 54.813060 246.140800
55.257350 245.305300 54.851090 246.137600
53.159480 245.201200 52.145660 246.040800
50.886640 245.111400 49.143890 245.952700
48.434380 245.035100 46.296300 245.861800
45.820140 244.963800 46.302340 245.861800
43.069320 244.864300 42.764960 245.752500
40.172070 244.723800 38.969420 245.607000
37.102630 244.568400 34.979740 245.428400
33.924070 244.386000 34.910820 245.415300
30.676330 244.183900 30.640860 245.190700
27.438540 243.994200 26.398930 244.977800
24.208570 243.837400 22.060530 244.783800
20.993490 243.649100 22.087740 244.781000
17.816250 243.415700 17.782780 244.554600
14.692700 243.167700 13.527110 244.293600
11.645960 242.907900 9.464989 243.980300
8.749169 242.642400 9.344160 243.967600
6.011306 242.398200 5.497575 243.680100
3.474518 242.182200 2.025332 243.411200
1.168286 241.992600 -0.950828 243.213700
-0.898771 241.821000 -1.069547 243.193400
-2.696521 241.698400 -3.767407 242.989800
-4.190561 241.640100 -5.990973 242.865800
-5.386511 241.629500 -7.593200 242.820400
-6.326933 241.660000 -8.715371 242.809100
-7.082572 241.712200 -9.479765 242.831800
-7.774661 241.792800 -10.179810 242.874600
-8.447696 241.919900 -10.404530 242.943900
-9.095550 242.094400 -11.047920 243.089600
-9.780101 242.353600 -11.772020 243.267100
-10.603980 242.792800 -12.585400 243.575900
-11.498330 243.420200 -13.471500 244.017300
-12.344280 244.279900 -14.369290 244.689700
-13.099550 245.362100 -15.265980 245.622200
-13.710790 246.730700 -15.978280 246.796900
-14.152340 248.336800 -16.614500 248.378200
-14.411960 250.183800 -17.007510 250.232800
-14.511960 252.255000 -17.184230 252.376600
-14.575160 254.543600 -17.150100 252.242200
-14.644070 257.034400 -17.231580 255.365600
-14.710490 259.717600 -17.289720 258.789700
-14.807480 262.576000 -17.387350 262.601600
-14.929060 265.663300 -17.399430 262.633500
-15.020770 268.902000 -17.518570 266.726500
-15.143050 272.307400 -17.677650 271.186900
-15.261360 275.830800 -17.848250 275.783300
-15.391430 279.433500 -17.850750 275.917100
-15.541770 283.128600 -18.041900 280.666200
-15.703140 286.824000 -18.280590 285.585300
-15.887430 290.565600 -18.518300 290.564800
-16.052460 294.301700 -18.518440 290.598300
-16.203910 298.051600 -18.757990 295.676800
-16.370630 301.836700 -18.967220 300.716600
-16.534560 305.629900 -19.150520 305.841400
-16.702490 309.430600 -19.176230 305.821400
-16.858450 313.259100 -19.396040 311.117400
-17.014290 317.093800 -19.613380 316.249900
-17.160050 320.915200 -19.861940 321.450500
-17.310980 324.725600 -19.823930 321.269100
-17.457990 328.526000 -20.052870 326.374100
-17.601060 332.286400 -20.253740 331.325200
-17.752870 336.035700 -20.453890 336.349300
-17.907160 339.718900 -20.496730 336.450000
-18.082040 343.305300 -20.712710 341.218800
-18.248810 346.726900 -20.927120 345.832900
-18.437360 349.998500 -21.147550 350.265900
-18.609970 353.158900 -21.147710 350.235800
-18.743280 356.160100 -21.373610 354.429300
-18.844480 358.966600 -21.509980 358.373400
-18.920830 361.583300 -21.619840 361.927300
-18.977900 363.963900 -21.616910 361.961000
-19.028190 366.122800 -21.702450 365.149000
-19.109830 368.019200 -21.737940 367.764300
-19.234950 369.712600 -21.841580 370.045400
-19.469350 371.273700 -21.978600 371.344100
-19.959330 372.738000 -22.298200 372.934600
-20.737910 374.032800 -22.778720 374.085800
-21.748530 375.114300 -23.549840 375.264400
-22.999370 375.954500 -24.628550 376.269000
-24.432570 376.529200 -25.805170 376.888300
-25.999060 376.640200 -27.202390 377.255100
-27.700810 376.581400 -28.867540 377.348100
-29.445520 376.334500 -30.038550 377.284200
-31.324050 376.002400 -31.228790 377.131200
-33.327570 375.651900 -33.763820 376.720400
-35.535230 375.299200 -36.717660 376.259700
-37.913380 374.928500 -36.648460 376.276700
-40.461440 374.606400 -40.008350 375.779300
-43.164920 374.342500 -42.662670 375.467300
-46.026710 374.108500 -46.460860 375.167500
-49.018500 373.893500 -50.345260 374.941000
-52.125150 373.685600 -50.125810 374.968700
-55.328120 373.487200 -54.358760 374.732800
-58.571190 373.306100 -58.672580 374.543700
-61.844400 373.140600 -62.945660 374.349800
-65.129510 372.964200 -62.888590 374.330700
-68.399380 372.792300 -67.224880 374.136900
-71.648100 372.602400 -71.592270 373.901400
-74.879760 372.403400 -75.865220 373.698400
-78.075710 372.246500 -75.866650 373.674400
-81.234350 372.119900 -80.225510 373.450100
-84.322090 372.037600 -84.413080 373.310100
-87.256990 372.003100 -88.310720 373.222700
-90.036340 371.992600 -88.354490 373.232300
-92.685340 371.979800 -92.057210 373.199700
-95.303200 371.934900 -95.581170 373.174700
-97.879210 371.775500 -98.293880 373.121200
-100.461300 371.507400 -100.847200 372.948900
-103.108600 371.193900 -104.364800 372.590000
-105.833100 370.892600 -104.364800 372.590000
-108.706800 370.583900 -108.010300 372.201300
-111.689400 370.303500 -111.905400 371.814200
-114.861500 370.100500 -116.049500 371.524800
-118.160300 369.888800 -116.049500 371.524800
-121.555700 369.751600 -120.596200 371.285300
-125.105500 369.682800 -125.220000 371.123200
-128.655900 369.662400 -129.953400 371.074500
-132.212900 369.655400 -129.953400 371.074500
-135.720300 369.646000 -134.649500 371.071800
-139.236700 369.568300 -139.498600 371.046300
-142.708200 369.398800 -144.094100 370.902700
-146.178600 369.229000 -144.094100 370.902700
-149.596100 369.032200 -148.807000 370.682300
-153.029900 368.846700 -153.554100 370.458500
-156.414400 368.626400 -157.918000 370.196600
-159.755500 368.368000 -157.918000 370.196600
-163.085300 368.113500 -162.488600 369.873800
-166.350900 367.840000 -167.040100 369.538000
-169.584200 367.574400 -171.303700 369.226200
-172.772700 367.319800 -171.303700 369.226200
-175.957800 367.044400 -175.714700 368.895800
-179.172000 366.794400 -179.811000 368.583200
-182.395100 366.625100 -184.141600 368.323000
-185.647900 366.504400 -184.141600 368.323000
-188.933700 366.403700 -188.453100 368.172800
-192.245300 366.285600 -192.908100 368.043500
-195.589800 366.201200 -197.257500 367.937400
-198.981700 366.178900 -197.257500 367.937400
-202.399600 366.193500 -201.847200 367.912500
-205.821900 366.214600 -206.452800 367.950900
-209.221200 366.265600 -211.019000 368.010900
-212.590200 366.336400 -211.019000 368.010900
-215.920000 366.440200 -215.561400 368.114100
-219.137100 366.588000 -219.975600 368.274200
-222.203800 366.800800 -224.003400 368.534100
-225.144400 367.035800 -224.003400 368.534100
-227.921100 367.269900 -228.062000 368.855500
-230.560400 367.500400 -231.623900 369.161000
-232.963100 367.777100 -234.918500 369.515500
-235.114200 368.131900 -237.104500 369.825600
-237.069600 368.580600 -238.444500 370.069400
-238.822800 369.056200 -239.824400 370.369100
-240.419500 369.488100 -242.035000 370.929800
-241.887100 369.846500 -244.025500 371.453900
-243.204500 370.123400 -245.204100 371.754500
-244.444500 370.305300 -245.978500 371.938200
-245.674400 370.378700 -247.724600 372.186200
-246.871800 370.388100 -248.531000 372.252600
-248.075000 370.349200 -249.398800 372.296400
-249.348800 370.314100 -250.983400 372.268100
-250.648700 370.300100 -252.719800 372.242100
-251.933700 370.327900 -254.017000 372.250300
-253.209100 370.407200 -255.298500 372.300000
-254.457700 370.525800 -256.507800 372.402900
-255.594000 370.683100 -257.687700 372.538500
-256.592500 370.835900 -257.687700 372.538500
-257.560500 370.991800 -259.031800 372.745900
-258.510200 371.063700 -260.289000 372.951600
-259.453600 371.056600 -261.497000 373.062500
-260.482700 370.926700 -262.535500 373.064800
-261.590700 370.649400 -263.630000 372.914400
-262.743700 370.151400 -264.833000 372.585600
-263.924500 369.415100 -266.022700 372.050300
-265.073100 368.376200 -267.294000 371.178400
-266.121700 367.028000 -268.458200 369.989500
-267.007800 365.362600 -269.447800 368.501900
-267.746900 363.423200 -270.291800 366.691600
-268.340800 361.256100 -270.776000 365.300000
-268.808900 358.870500 -271.570000 362.222400
-269.143100 356.260600 -271.865300 360.557200
-269.364000 353.460400 -272.089100 358.778900
-269.628500 350.451000 -272.481000 354.903500
-269.898100 347.268500 -272.894000 350.598600
-270.167000 343.959200 -272.896200 350.584900
-270.432100 340.564500 -273.294400 346.073000
-270.679500 337.052300 -273.629700 341.453300
-270.895000 333.461700 -273.937100 336.869600
-271.055600 329.902500 -273.930300 336.853300
-271.176000 326.313600 -274.179700 332.021600
-271.251400 322.762400 -274.359500 327.269800
-271.280600 319.239400 -274.444700 322.562300
-271.249000 315.743100 -274.422500 322.579400
-271.155700 312.268400 -274.405100 317.909600
-271.030700 308.826000 -274.278500 313.342100
-270.853200 305.405300 -274.050900 308.708200
-270.620800 301.989900 -274.057500 308.731800
-270.339900 298.574000 -273.757400 304.130200
-270.033700 295.140000 -273.401000 299.565200
-269.673600 291.685400 -272.965500 294.908600
-269.279700 288.205800 -272.967200 294.941500
-268.845400 284.699700 -272.484200 290.364700
-268.359100 281.176700 -271.901000 285.594200
-267.830200 277.627700 -271.250800 280.942300
-267.259900 274.057300 -271.267100 280.903000
-266.639000 270.469100 -270.535000 276.083000
-265.946700 266.863000 -269.731000 271.280800
-265.197600 263.244200 -268.785500 266.408000
-264.373600 259.580700 -268.799600 266.547800
-263.496200 255.913700 -267.752500 261.730600
-262.579000 252.268700 -266.579000 256.837500
-261.578600 248.631700 -265.273100 251.946000
-260.543600 245.038000 -265.264700 252.051100
-259.463100 241.441900 -263.921400 247.292600
-258.338800 237.858000 -262.514000 242.517700
-257.174300 234.290800 -260.973900 237.663700
-255.948100 230.729700 -260.986700 237.649000
-254.680100 227.195300 -259.391000 232.924800
-253.365400 223.704600 -257.718100 228.201700
-252.024000 220.230700 -255.920000 223.450900
-250.667100 216.782300 -255.942400 223.520900
-249.287500 213.348300 -254.170900 218.893500
-247.875300 209.945400 -252.361900 214.334700
-246.421800 206.558700 -250.450400 209.720100
-244.916800 203.207700 -250.459600 209.735800
-243.384000 199.870800 -248.450000 205.079600
-241.813200 196.565100 -246.427000 200.629200
-240.196400 193.309900 -244.329700 196.293300
-238.542200 190.099200 -244.333700 196.291500
-236.861600 186.913700 -242.119600 191.974200
-235.165000 183.752000 -239.914000 187.781600
-233.429300 180.624500 -237.713200 183.740900
-231.622200 177.521500 -237.663600 183.622500
-229.743800 174.321000 -235.242500 179.335200
-227.826100 171.097900 -232.814900 175.221100
-225.852800 167.897800 -230.174500 170.879800
-223.810500 164.722600 -230.208500 170.957500
-221.724500 161.612100 -227.577700 166.799400
-219.613800 158.543000 -224.874000 162.698300
-217.478100 155.515000 -222.094400 158.682500
-215.316600 152.527500 -222.014300 158.564100
-213.150700 149.586800 -219.100300 154.508600
-210.962200 146.680800 -216.205300 150.586700
-208.737800 143.822600 -213.314600 146.774900
-206.471900 140.984900 -213.339600 146.817100
-204.155100 138.176200 -210.277200 142.944400
-201.784400 135.400600 -207.184700 139.195500
-199.366200 132.630100 -204.012800 135.488400
-196.890900 129.861700 -204.000800 135.484100
-194.370200 127.108500 -200.705300 131.774200
-191.775000 124.378600 -197.308900 128.053900
-189.124000 121.658100 -193.840700 124.440900
-186.413300 118.972100 -193.909700 124.502300
-183.652100 116.299900 -190.287400 120.838800
-180.833900 113.636200 -186.572800 117.221000
-177.941000 111.012300 -182.912400 113.698100
-175.004800 108.364000 -182.800600 113.611800
-172.053900 105.709500 -178.922500 110.062600
-169.069600 103.080200 -174.996400 106.522700
-166.066100 100.446500 -170.992200 102.946300
-163.075100 97.812220 -170.912100 102.865600
-160.138200 95.134100 -166.829700 99.228580
-157.200100 92.475810 -162.892900 95.673980
-154.275600 89.830860 -159.007200 92.152430
-151.375100 87.179520 -159.091000 92.217190
-148.492200 84.507520 -155.188900 88.644370
-145.590800 81.847270 -151.311700 85.062540
-142.660500 79.211590 -147.369100 81.460790
-139.724700 76.580210 -147.292600 81.399030
-136.784200 73.943950 -143.467500 77.926510
-133.841200 71.308100 -139.546500 74.363980
-130.910700 68.676740 -135.711400 70.871010
-127.984900 66.040280 -135.819600 70.974640
-125.063100 63.430430 -131.983900 67.477160
-122.156900 60.831360 -128.063100 63.921160
-119.245300 58.228170 -124.163500 60.394390
-116.347300 55.617720 -124.219000 60.428360
-113.455700 53.003780 -120.318900 56.888680
-110.532900 50.381290 -116.436300 53.363490
-107.626500 47.762710 -112.511600 49.854540
-104.694500 45.120130 -112.708400 50.029560
-101.763800 42.487340 -108.854000 46.538290
-98.798280 39.841630 -104.920200 42.985800
-95.852140 37.183550 -100.834900 39.393150
-92.880440 34.532400 -100.823900 39.373600
-89.902870 31.874270 -96.910360 35.851890
-86.914010 29.212990 -92.973140 32.304620
-83.926180 26.550970 -88.950790 28.681440
-80.937000 23.913040 -88.921820 28.624330
-77.954470 21.290830 -85.101760 25.209900
-74.988480 18.686980 -81.114320 21.675740
-72.057280 16.091360 -77.349980 18.295560
-69.169900 13.500340 -77.340620 18.302120
-66.299690 10.910920 -73.482670 14.830360
-63.479030 8.339491 -69.703340 11.407290
-60.679800 5.771217 -65.815010 7.894787
-57.915100 3.248503 -65.868880 7.873939
-55.221770 0.803962 -62.232060 4.499730
-52.611160 -1.543085 -58.725020 1.243677
-50.088880 -3.789114 -55.290970 -1.944925
-47.643790 -5.973092 -55.412990 -1.842112
-45.315860 -8.034447 -52.099220 -4.795339
-43.113230 -9.933193 -49.089730 -7.481781
-41.031450 -11.662370 -46.411870 -9.812850
-39.046940 -13.214250 -44.417880 -11.434290
-37.082270 -14.591780 -43.171540 -12.387330
-35.097350 -15.760670 -40.643620 -14.118230
-33.058170 -16.673330 -38.642280 -15.189360
-30.971870 -17.280460 -36.630030 -15.952350
-28.865760 -17.581610 -34.652070 -16.402660
-26.784970 -17.545160 -32.600350 -16.558150
-24.786370 -17.180030 -30.539220 -16.386370
-22.895390 -16.501740 -28.671080 -15.916630
-21.151920 -15.579560 -26.885920 -15.158390
-19.536240 -14.512750 -25.164880 -14.195790
-17.952400 -13.439350 -25.249400 -14.211480
-16.387990 -12.406440 -23.074620 -12.811230
-14.863100 -11.417480 -20.950000 -11.417700
-13.393330 -10.522110 -18.950310 -10.138870
-12.012560 -9.712136 -18.959550 -10.159710
-10.724060 -9.005949 -17.123260 -9.078006
-9.550035 -8.378380 -15.503390 -8.175630
-8.515855 -7.864360 -14.085750 -7.420483
-7.666677 -7.451274 -14.106310 -7.442723
-6.965634 -7.116444 -13.006050 -6.877089
-6.290034 -6.754992 -12.095370 -6.440465
-5.683176 -6.365703 -11.427510 -6.093975
-5.115930 -5.951422 -10.588850 -5.608123
-4.546901 -5.474396 -10.235160 -5.368647
-3.918483 -4.841217 -9.387841 -4.686807
-3.251958 -4.063126 -8.645082 -3.987830
-2.618666 -3.132043 -7.899709 -3.135220
-1.995823 -2.041747 -7.200280 -2.153408
-1.444291 -0.709844 -6.537654 -0.937029
-0.945890 0.845441 -5.921580 0.559989
-0.637858 2.648628 -5.435174 2.337430
-0.490261 4.697446 -5.204596 3.586657
-0.464139 6.920857 -4.979991 6.399060
-0.531398 9.295931 -4.951452 7.950965
-0.624242 11.817770 -5.019227 11.200670
-0.711873 14.466010 -5.009347 11.306240
-0.825265 17.247450 -5.114135 14.691640
-0.950867 20.106980 -5.203689 18.505610
-1.111700 23.081510 -5.345067 22.665460
-1.318962 26.177850 -5.339108 22.502570
-1.558337 29.342010 -5.544793 26.679780
-1.802380 32.590800 -5.818996 31.022830
-2.057718 35.829860 -6.105313 35.361180
-2.317142 39.134640 -6.104688 35.351190
-2.563489 42.479060 -6.392789 39.807380
-2.782512 45.832490 -6.662393 44.283780
-2.981824 49.222850 -6.922493 48.921440
-3.156600 52.663260 -6.916664 48.849310
-3.326194 56.134890 -7.121176 53.393990
-3.502086 59.661300 -7.339062 58.072250
-3.713046 63.193690 -7.543040 62.897650
-3.925554 66.778030 -7.535696 62.766670
-4.099562 70.366360 -7.756021 67.582640
-4.323029 73.928460 -7.968758 72.375380
-4.525824 77.456260 -8.192151 77.155150
-4.726372 80.968850 -8.168855 77.022550
-4.944700 84.450320 -8.368858 81.732550
-5.155943 87.868120 -8.553993 86.353200
-5.329539 91.294920 -8.772581 90.892230
-5.470861 94.700890 -8.778141 90.815690
