-0.093743 1.716275 0.000000 -0.000000
-0.234382 4.291335 -0.022176 2.080803
-0.374955 6.865477 -0.022176 2.080803
-0.515547 9.440275 -0.124517 6.015252
-0.656205 12.015410 -0.267540 9.363505
-0.799251 14.600260 -0.440683 12.822410
-0.960916 17.268960 -0.440683 12.822410
-1.118651 19.997220 -0.658821 16.431840
-1.280807 22.774320 -0.889190 20.105280
-1.436633 25.596940 -1.138692 23.855250
-1.586551 28.454660 -1.138692 23.855250
-1.728893 31.377650 -1.370030 27.719550
-1.870663 34.320210 -1.598790 31.629130
-2.061112 37.428500 -1.846638 35.593260
-2.256115 40.538550 -1.846638 35.593260
-2.465214 43.593020 -2.107896 39.540140
-2.661881 46.598030 -2.381125 43.468100
-2.871336 49.556000 -2.668436 47.514020
-3.065844 52.495010 -2.668436 47.514020
-3.248811 55.391780 -2.949629 51.332190
-3.438994 58.274000 -3.243048 55.194560
-3.641784 61.091250 -3.536280 59.029790
-3.843940 63.815190 -3.536280 59.029790
-4.046625 66.421630 -3.841766 62.677620
-4.244856 68.909940 -4.127753 66.047630
-4.445510 71.284370 -4.424261 69.208570
-4.644343 73.480650 -4.424261 69.208570
-4.837515 75.507440 -4.723356 72.078880
-4.985837 77.344090 -4.988974 74.691750
-5.133801 79.049530 -5.224556 77.011760
-5.208269 80.634550 -5.224556 77.011760
-5.236828 82.097010 -5.428023 80.036790
-5.105620 83.454540 -5.405561 81.436370
-4.817297 84.728690 -5.240912 82.638320
-4.336344 85.853730 -4.944998 83.843570
-3.656380 86.812100 -4.466063 84.841650
-2.817803 87.594010 -3.815922 85.736810
-1.847638 88.187990 -3.021004 86.446190
-0.811071 88.641590 -2.081704 87.070290
0.302092 88.930470 -1.086311 87.489470
1.434583 89.210560 -0.423505 87.723290
2.662750 89.372100 1.183791 88.107210
4.002128 89.520590 2.049105 88.255920
5.460049 89.603320 2.979305 88.378530
7.050381 89.654730 4.460926 88.517820
8.800912 89.701670 6.743218 88.653420
10.714580 89.719540 9.308331 88.755540
12.781900 89.727290 9.250901 88.748090
15.002600 89.776310 12.086330 88.844150
17.354730 89.883630 15.121410 88.978130
19.768190 90.033380 18.410220 89.177260
22.217350 90.182690 18.438870 89.181550
24.666600 90.317320 21.774620 89.428140
27.100090 90.457820 25.016880 89.667660
29.533440 90.568020 28.311840 89.891460
31.943240 90.604090 28.239530 89.889790
34.324240 90.562410 31.393520 90.023390
36.663630 90.442530 33.791200 90.026760
38.940490 90.251650 36.175010 89.970250
41.145740 90.002900 39.024280 89.759460
43.274630 89.723990 42.000040 89.492350
45.284970 89.460220 41.953090 89.495960
47.143970 89.244510 44.610110 89.214140
48.831470 89.126950 47.023230 88.990400
50.416700 89.148420 49.214490 88.917410
51.963840 89.335560 50.782300 89.003720
53.430560 89.750370 52.272040 89.273790
54.738890 90.388600 53.660390 89.773320
55.835930 91.271120 54.881990 90.531470
56.722440 92.356020 55.753330 91.372530
57.370050 93.610620 56.571740 92.515970
57.812420 94.981600 57.161510 93.768760
58.162240 96.402170 57.455050 94.641520
58.486940 97.888060 57.671620 95.484570
58.813990 99.460870 58.021800 96.977050
59.209760 101.110600 58.502160 99.239400
59.635460 102.888300 59.008550 101.547200
60.134240 104.754400 58.990410 101.553400
60.649730 106.692300 59.613350 104.086600
61.177220 108.760700 60.290520 106.765700
61.696270 110.929500 60.973220 109.708700
62.234170 113.189100 60.957370 109.646500
62.784830 115.564300 61.659890 112.710000
63.334630 118.012100 62.341340 115.819700
63.870330 120.502600 63.051180 119.187600
64.449810 123.021500 63.050940 119.193900
65.066290 125.571200 63.781900 122.549000
65.658090 128.120500 64.556240 125.890800
66.298360 130.557300 65.333440 129.244800
66.932080 133.060100 65.732540 130.943900
67.539460 135.459900 66.485390 134.228900
68.126590 137.872600 66.459800 134.146900
68.655350 140.266200 67.180710 137.373700
69.187890 142.659800 67.799090 140.563900
69.694160 145.028400 68.434470 143.740000
70.131500 147.439500 68.484670 143.770500
70.507970 149.819900 69.070160 146.996300
70.857030 152.237000 69.549440 150.070000
71.148280 154.664900 69.952940 153.340400
71.368370 157.136000 69.962640 153.401700
71.545650 159.601800 70.273760 156.683300
71.665010 162.054900 70.485410 159.952400
71.775400 164.563800 70.646430 163.246700
71.889120 167.018700 70.720430 165.737700
71.930660 169.517300 70.717770 165.718000
71.947120 172.037900 70.757870 168.944400
71.922420 174.551700 70.734350 171.465600
71.800480 177.110400 70.650060 174.761200
71.660010 179.631600 70.458700 178.195900
71.538190 182.214100 70.453700 178.274100
71.419630 184.762800 70.270530 181.678600
71.283990 187.333200 70.099750 184.290500
71.136850 189.856200 69.878450 187.682600
70.964250 192.373200 69.628990 191.100500
70.791150 194.863500 69.628990 191.100500
70.629110 197.195700 69.401920 194.373700
70.503800 199.315700 69.146350 197.564900
70.378520 201.434200 68.906560 200.533000
70.253080 203.554600 68.906560 200.533000
70.127680 205.673200 68.711020 203.139500
69.999050 207.797100 68.576240 205.809000
69.994640 209.740000 68.505160 208.449200
70.019510 211.649800 68.505160 208.449200
70.030310 213.601900 68.497280 210.968500
70.006440 215.556500 68.502890 213.548300
69.982810 217.578800 68.506170 216.185300
69.956510 219.646300 68.506170 216.185300
69.960540 221.624700 68.451980 218.956900
69.984300 223.672300 68.366680 221.730700
69.986070 225.713400 68.275680 224.510000
69.961180 227.773200 68.275680 224.510000
69.924290 229.792700 68.165800 227.307900
69.871450 231.769000 68.061850 230.059400
69.827100 233.650000 67.956180 232.683000
69.782790 235.365900 67.956180 232.683000
69.664050 236.931700 67.770760 236.023100
69.425420 238.441600 67.665120 237.046100
69.022170 239.831600 67.291950 238.921700
68.414950 241.092500 66.845390 240.223300
67.609370 242.161600 66.264020 241.238100
66.672910 243.070200 65.491700 242.222800
65.621050 243.784500 64.620280 242.982400
64.520420 244.320000 63.585170 243.653100
63.308500 244.683100 62.421020 244.134100
61.939660 244.884400 61.129040 244.435800
60.461500 244.953900 60.209690 244.560900
58.885590 244.928300 58.035620 244.631200
57.192410 244.850300 56.363330 244.541800
55.348170 244.770900 56.405390 244.557600
53.337730 244.675800 54.140160 244.401200
51.206680 244.461400 51.311300 244.234400
48.868140 244.284500 48.061400 244.051900
46.381860 244.141000 48.038540 244.047300
43.781980 244.016000 44.579190 243.860900
41.193420 243.884100 41.044260 243.697700
38.579040 243.742400 37.581080 243.550700
35.965320 243.663800 37.524500 243.546600
33.341940 243.540600 34.012030 243.316200
30.719810 243.392900 30.538380 243.060600
28.124530 243.284900 27.155500 242.829600
25.563090 243.208100 27.055790 242.820300
23.047250 243.114500 23.743280 242.638200
20.555360 243.017200 20.422740 242.446800
18.116450 242.898000 17.176290 242.252700
15.701470 242.742600 17.157310 242.268200
13.322600 242.536200 13.903780 242.004600
11.009120 242.295900 10.769490 241.712600
8.787789 242.069500 7.813427 241.386800
6.700094 241.864800 7.895083 241.393200
4.739786 241.695800 5.173101 241.084600
2.907815 241.566500 2.622842 240.840900
1.213038 241.449100 0.210260 240.651400
-0.324785 241.378800 0.366267 240.652300
-1.717128 241.330500 -1.682158 240.555500
-2.957329 241.317600 -3.447391 240.472400
-4.038108 241.337500 -4.965151 240.430700
-4.943153 241.365500 -4.920624 240.430800
-5.617740 241.399300 -6.018345 240.434000
-6.055183 241.428800 -6.757655 240.442700
-6.292219 241.448100 -7.085708 240.461300
-6.421901 241.458600 -7.048479 240.459200
-6.445881 241.456200 -7.093610 240.439900
-6.441162 241.459100 -7.093610 240.439900
-6.435232 241.473300 -7.023874 240.465800
-6.462353 241.493500 -7.187192 240.459300
-6.528339 241.506000 -7.176206 240.446500
-6.662736 241.512300 -7.345759 240.452800
-6.960563 241.530300 -7.757742 240.454200
-7.433982 241.575000 -7.786020 240.456800
-8.055734 241.661200 -8.843579 240.519100
-8.793327 241.820600 -9.326516 240.568400
-9.588231 242.097200 -10.402200 240.767000
-10.437130 242.485400 -11.220410 241.019900
-11.295880 243.047100 -12.119240 241.423100
-12.079170 243.810000 -13.050620 242.038900
-12.766450 244.770600 -13.787310 242.825300
-13.318280 245.979800 -14.516970 243.913700
-13.722350 247.381900 -15.108220 245.277000
-13.993610 248.989100 -15.543340 246.889500
-14.142370 250.776000 -15.753160 248.546900
-14.240360 252.724300 -15.929790 250.556800
-14.307120 254.816900 -15.902510 250.443600
-14.375760 257.054800 -16.051860 253.295800
-14.447320 259.440900 -16.155280 256.455300
-14.528740 261.943400 -16.294480 259.802700
-14.623060 264.585600 -16.287980 259.666900
-14.708690 267.323000 -16.433790 263.187200
-14.814240 270.161800 -16.595000 266.946600
-14.944000 273.125700 -16.772870 270.853900
-15.035340 276.155700 -16.797950 270.870600
-15.140940 279.245300 -16.989550 274.929700
-15.257430 282.397700 -17.216060 279.140700
-15.385880 285.555700 -17.432990 283.287700
-15.535620 288.750600 -17.431810 283.277200
-15.687360 291.914700 -17.678430 287.523500
-15.834860 295.036500 -17.982540 291.714000
-15.991060 298.139100 -18.305280 296.057000
-16.161930 301.216800 -18.297680 296.023400
-16.334330 304.293900 -18.562620 300.155100
-16.503430 307.356500 -18.826360 304.179400
-16.666320 310.429700 -19.072350 308.304000
-16.796270 313.525400 -19.093910 308.319100
-16.926910 316.656200 -19.373290 312.530200
-17.069050 319.831700 -19.576010 316.757300
-17.223680 323.045500 -19.863040 321.121900
-17.395860 326.294000 -19.840860 321.076800
-17.561630 329.524400 -20.096490 325.457500
-17.719010 332.731300 -20.354060 329.623600
-17.900430 335.939300 -20.610410 333.950500
-18.071960 339.098000 -20.612020 333.846500
-18.239730 342.181300 -20.847960 338.042400
-18.398210 345.184400 -21.097640 342.085200
-18.572480 348.105900 -21.346270 345.910000
-18.755060 350.925000 -21.349310 345.891000
-18.932310 353.619300 -21.606540 349.634200
-19.084440 356.172000 -21.892340 353.053700
-19.190840 358.544700 -22.096530 356.324100
-19.281520 360.709100 -22.088480 356.300000
-19.364880 362.648200 -22.258820 359.165900
-19.435380 364.404800 -22.380060 361.739700
-19.512930 365.946600 -22.487690 363.779700
-19.649890 367.322100 -22.591950 365.233900
-19.892230 368.628200 -22.694220 366.123300
-20.252090 369.891500 -23.000950 367.769100
-20.791750 371.054200 -23.363710 368.837200
-21.487330 372.119200 -23.840610 369.781200
-22.400060 373.113800 -24.569210 370.825700
-23.514160 373.922600 -25.556690 371.787600
-24.828720 374.589100 -26.814960 372.611300
-26.313780 374.997800 -28.230470 373.155000
-27.968970 375.108000 -29.870770 373.440900
-29.722230 374.986600 -31.549850 373.449400
-31.561500 374.788900 -32.678930 373.358600
-33.456030 374.582400 -34.634500 373.154500
-35.494020 374.385300 -37.347790 372.873300
-37.624260 374.163100 -37.291300 372.857700
-39.884590 373.957100 -40.242160 372.546000
-42.294220 373.767800 -43.299190 372.251600
-44.851270 373.618600 -46.696020 371.998100
-47.522840 373.490900 -46.675740 372.014200
-50.237360 373.372000 -50.322190 371.767300
-53.000110 373.257500 -53.804730 371.561800
-55.754610 373.127700 -57.507510 371.348700
-58.489490 372.995400 -57.680800 371.343400
-61.217110 372.854000 -61.280220 371.111000
-63.932820 372.668500 -64.926960 370.866000
-66.615190 372.470900 -68.497050 370.565300
-69.300010 372.271700 -68.524000 370.568800
-71.958490 372.083400 -72.087850 370.235300
-74.613120 371.927700 -75.641740 369.947300
-77.243790 371.817600 -79.160570 369.711300
-79.849740 371.735400 -79.197060 369.714700
-82.448730 371.697400 -82.717350 369.546400
-85.015590 371.704100 -86.196380 369.452000
-87.445480 371.725300 -89.489810 369.414800
-89.695430 371.748300 -89.633550 369.412900
-91.744210 371.753800 -92.438770 369.421000
-93.584570 371.721300 -95.026840 369.375300
-95.366880 371.645500 -97.426020 369.281700
-97.116000 371.527700 -97.511460 369.260000
-98.846360 371.389000 -99.850160 369.092100
-100.610100 371.211400 -102.177300 368.872800
-102.430900 371.005500 -104.613800 368.595600
-104.313400 370.788700 -104.680400 368.593100
-106.301400 370.553200 -107.187600 368.269400
-108.425900 370.299900 -109.950800 367.928300
-110.625300 370.063600 -112.906900 367.570500
-113.039100 369.849500 -114.462700 367.403900
-115.512500 369.657200 -117.646800 367.096300
-118.178300 369.455100 -117.619400 367.080800
-120.917600 369.337500 -121.180300 366.799000
-123.822000 369.268500 -123.953800 366.642400
-126.757300 369.228600 -126.927300 366.543600
-129.739200 369.205900 -130.907800 366.469100
-132.737000 369.161300 -134.926800 366.384000
-135.699500 369.131300 -134.907900 366.380000
-138.667900 369.063000 -138.844100 366.276800
-141.577800 368.942900 -142.722000 366.112500
-144.486000 368.839000 -146.641100 365.906600
-147.377400 368.709500 -146.646700 365.909300
-150.227800 368.540700 -150.563500 365.664500
-153.083900 368.367900 -154.375600 365.374900
-155.901600 368.175200 -158.149400 365.072000
-158.683500 367.984500 -158.182100 365.071400
-161.437100 367.820500 -162.010600 364.777900
-164.144900 367.670700 -165.523100 364.515300
-166.743400 367.524800 -169.044900 364.278700
-169.213800 367.384800 -169.035500 364.285100
-171.494900 367.269400 -172.301800 364.056100
-173.606900 367.160800 -175.231100 363.873700
-175.504300 367.028500 -177.820500 363.687400
-177.287900 366.876300 -177.840900 363.690600
-178.948300 366.700600 -180.168400 363.483300
-180.524500 366.392200 -182.941600 363.109400
-182.023400 365.894200 -184.454300 362.729500
-183.399200 365.191500 -185.836400 362.206200
-184.596000 364.244500 -187.097000 361.420100
-185.600000 363.065200 -188.128900 360.410300
-186.364600 361.651500 -189.078900 359.116700
-186.883600 360.051400 -189.762500 357.568800
-187.124700 358.297100 -190.091600 355.984600
-187.195500 356.419300 -190.243400 354.187300
-187.209700 354.465800 -190.280400 352.837600
-187.125200 352.422500 -190.290500 351.512300
-186.971000 350.260800 -190.212700 349.396300
-186.769900 347.985700 -189.994400 346.367700
-186.532900 345.585000 -189.711800 343.149000
-186.242200 343.095600 -189.719000 343.178300
-185.936900 340.495400 -189.339100 339.680200
-185.649900 337.789200 -188.904700 336.220800
-185.382600 335.019400 -188.501600 332.551500
-185.134200 332.220800 -188.514800 332.476600
-184.899500 329.439300 -188.159500 328.747500
-184.692700 326.641900 -187.840100 325.023400
-184.486100 323.835000 -187.547700 321.256000
-184.280300 321.000600 -187.541300 321.239000
-184.127700 318.141900 -187.270200 317.503200
-183.978900 315.260000 -187.053800 313.678700
-183.812400 312.407300 -186.825200 309.847000
-183.654200 309.562200 -186.821800 309.847300
-183.502700 306.737100 -186.572500 306.105300
-183.378600 303.927100 -186.355700 302.282000
-183.289500 301.144500 -186.163400 298.559500
-183.208700 298.368800 -186.165800 298.554100
-183.122800 295.601700 -185.984800 294.819800
-182.982000 292.843600 -185.808500 290.989200
-182.817100 290.034100 -185.562300 287.218200
-182.672600 287.222000 -185.557300 287.236800
-182.494800 284.346300 -185.304200 283.477800
-182.348800 281.464600 -185.027900 279.551200
-182.200300 278.528900 -184.788000 275.617600
-182.050900 275.608600 -184.785100 275.754900
-181.885100 272.670100 -184.563000 271.645400
-181.698600 269.743000 -184.334000 267.652000
-181.502400 266.785500 -184.066200 263.700800
-181.286200 263.816200 -184.047200 263.677100
-181.084300 260.859000 -183.744800 259.692600
-180.848300 257.824800 -183.404500 255.675100
-180.627500 254.849100 -183.052700 251.639800
-180.435400 251.890900 -183.055600 251.692200
-180.251400 248.947400 -182.741000 247.695900
-180.077100 246.059900 -182.432300 243.795000
-179.932000 243.222200 -182.174300 239.981700
-179.800900 240.508500 -182.186700 240.038700
-179.645000 237.914800 -181.959900 236.288900
-179.522100 235.417700 -181.740900 232.963400
-179.443500 233.048900 -181.573400 229.750200
-179.395200 230.845400 -181.601300 229.991400
-179.377000 228.830400 -181.491400 226.942600
-179.361600 227.009400 -181.421100 224.303000
-179.313800 225.382900 -181.350300 222.075400
-179.211800 223.965500 -181.269900 220.740700
-178.995500 222.642300 -181.121300 219.335600
-178.609800 221.398200 -180.857400 218.110000
-178.021500 220.277800 -180.440700 216.951400
-177.281700 219.190700 -179.800900 215.663200
-176.315400 218.205000 -178.983700 214.594000
-175.108000 217.339600 -177.821300 213.525300
-173.598300 216.631800 -176.387500 212.608000
-171.884200 216.128100 -174.872600 212.017200
-169.938900 215.824900 -173.077500 211.600100
-167.862500 215.670800 -171.847000 211.456200
-165.717900 215.599700 -170.457100 211.373000
-163.500900 215.552400 -168.317900 211.328900
-161.211900 215.524100 -165.356200 211.334000
-158.798300 215.506300 -162.180400 211.392300
-156.333400 215.474900 -162.180400 211.392300
-153.798000 215.521500 -158.874500 211.454600
-151.149500 215.545000 -155.428900 211.576400
-148.464800 215.609200 -151.877900 211.708100
-145.761200 215.721700 -151.877900 211.708100
-143.047300 215.845300 -148.197400 211.898800
-140.354300 216.015300 -144.658200 212.147700
-137.657100 216.247400 -141.062000 212.507900
-134.989700 216.485500 -141.062000 212.507900
-132.361200 216.725700 -137.451800 212.873100
-129.819900 216.954200 -133.933900 213.231800
-127.369200 217.130500 -130.612300 213.533900
-125.076000 217.289000 -130.612300 213.533900
-122.978300 217.394200 -127.571500 213.784700
-121.074700 217.452000 -124.877100 213.927000
-119.253800 217.487000 -122.385300 214.028000
-117.452800 217.501500 -122.385300 214.028000
-115.661000 217.500200 -120.109300 214.044500
-113.898200 217.530400 -117.650900 214.068300
-112.188000 217.587200 -115.969000 214.080000
-110.483800 217.777500 -113.661900 214.204900
-108.832700 218.145800 -111.943500 214.465000
-107.256300 218.728200 -110.389700 214.853400
-105.792600 219.476200 -108.862600 215.466200
-104.503500 220.453800 -107.464400 216.302500
-103.370900 221.616000 -106.384800 217.227800
-102.437600 222.932700 -105.485600 218.281800
-101.723700 224.345800 -104.712700 219.510400
-101.236600 225.851200 -104.099000 220.912300
-100.915700 227.438600 -103.607100 222.498400
-100.634700 229.003000 -103.282000 223.940600
-100.355700 230.520900 -103.269400 223.960600
-100.012200 231.987300 -102.866000 225.969700
-99.599560 233.386100 -102.300000 228.218200
-98.996290 234.559900 -101.828300 229.443700
-98.348550 235.540100 -101.271200 230.473000
-97.491420 236.281400 -100.561300 231.360300
-96.563560 236.781500 -99.735320 232.041400
-95.613480 237.212600 -98.886040 232.527500
-94.564720 237.578100 -97.848160 232.981500
-93.378270 237.826600 -97.063650 233.218700
-92.065800 238.037600 -95.293400 233.568600
-90.600520 238.207100 -94.364940 233.702700
-88.966180 238.333600 -92.755200 233.879900
-87.134840 238.488000 -90.361650 234.085300
-85.139540 238.614700 -90.349110 234.083500
-82.995990 238.713600 -87.678420 234.298800
-80.731250 238.835900 -84.766200 234.504900
-78.338900 238.957400 -81.675730 234.705200
-75.911080 239.102600 -81.593570 234.716200
-73.418340 239.247000 -78.266600 234.903400
-70.862210 239.411700 -74.901570 235.043600
-68.236450 239.513000 -71.417140 235.177200
-65.565890 239.621000 -71.429660 235.180700
-62.884820 239.754000 -67.879350 235.354100
-60.208980 239.903300 -64.327220 235.573000
-57.561130 240.056500 -60.851890 235.808800
-55.002920 240.208900 -60.805820 235.782800
-52.461970 240.385500 -57.407860 236.058900
-49.960260 240.516300 -53.975040 236.298200
-47.478300 240.661600 -50.673710 236.552500
-45.048220 240.827100 -50.679950 236.530100
-42.654540 241.018700 -47.487610 236.766500
-40.374760 241.236000 -44.259190 237.044300
-38.244120 241.461500 -41.345000 237.310000
-36.175260 241.674900 -41.301150 237.306400
-34.127460 241.881500 -38.455920 237.575300
-32.155730 242.064400 -35.815000 237.804900
-30.336300 242.239600 -33.309360 238.005100
-28.681680 242.373000 -33.311700 238.009100
-27.206340 242.453700 -31.116790 238.155300
-25.872110 242.479300 -29.156210 238.240600
-24.684510 242.456000 -27.528180 238.244700
-23.636810 242.368500 -26.629020 238.203200
-22.745080 242.231200 -25.643390 238.166600
-22.034710 242.112400 -25.070700 238.088300
-21.516180 241.984700 -24.534320 238.013900
-21.032600 241.835100 -23.977760 237.928800
-20.564160 241.692800 -23.532750 237.822700
-20.103750 241.524500 -23.256640 237.737600
-19.551220 241.265200 -22.477040 237.497300
-18.853050 240.845400 -21.798190 237.200500
-18.086130 240.258100 -21.083080 236.771600
-17.299030 239.465900 -20.164700 236.076200
-16.585650 238.455900 -19.295330 235.132000
-15.980300 237.181700 -18.591340 234.054100
-15.551690 235.705600 -17.982970 232.592600
-15.237130 233.988000 -17.548910 230.896000
-15.035830 232.048700 -17.349410 229.607900
-14.902940 229.921400 -17.106170 226.900100
-14.851830 227.595900 -17.108660 226.911000
-14.812860 225.100600 -16.985690 223.775100
-14.790540 222.430100 -16.900340 220.286900
-14.744020 219.600800 -16.805530 216.574200
-14.681160 216.624600 -16.809800 216.605000
-14.559980 213.519300 -16.707810 212.650000
-14.405260 210.299000 -16.507690 208.466500
-14.244290 206.985200 -16.265160 204.038000
-14.036400 203.614200 -16.258760 204.091300
-13.812700 200.191300 -15.940410 199.707000
-13.591500 196.732600 -15.606700 195.133900
-13.354210 193.229500 -15.280480 190.479700
-13.126070 189.690000 -15.274560 190.457100
-12.916990 186.094000 -14.947220 185.757700
-12.731900 182.450100 -14.647530 180.865500
-12.566930 178.745200 -14.373020 176.056600
-12.396050 174.987200 -14.373630 176.205100
-12.227520 171.178900 -14.124890 171.121000
-12.071480 167.326000 -13.900040 165.975600
-11.901920 163.431800 -13.623930 160.789000
-11.720260 159.530400 -13.645470 160.827200
-11.528050 155.601800 -13.395420 155.485600
-11.343440 151.642400 -13.128630 150.201400
-11.142960 147.689600 -12.779160 145.029600
-10.896520 143.749200 -12.795090 144.827500
-10.650260 139.827200 -12.482320 139.752700
-10.410780 135.927300 -12.160920 134.590500
-10.197030 132.060800 -11.816870 129.428600
-9.983675 128.271600 -11.830970 129.476300
-9.768507 124.586400 -11.507780 124.493000
-9.557928 121.055300 -11.190210 119.708900
-9.369618 117.693700 -10.908510 115.159800
-9.200535 114.472100 -10.903600 115.161700
-9.061229 111.449400 -10.660030 110.891400
-8.931383 108.631000 -10.454220 106.999800
-8.810192 106.036100 -10.283460 103.724800
-8.714586 103.666700 -10.288600 103.734100
-8.579986 101.489100 -10.143820 100.682000
-8.297513 99.529500 -9.829592 97.360230
-7.822238 97.787860 -9.475805 95.543600
-7.139675 96.220460 -8.960010 93.986890
-6.241788 94.829150 -8.257207 92.626160
-5.158326 93.620760 -7.351299 91.313140
-3.910527 92.633660 -6.234533 90.259340
-2.475933 91.875730 -4.954988 89.434190
-0.953585 91.376990 -3.696674 88.882670
0.610299 91.091770 -2.203961 88.497080
2.208440 90.915010 -0.596826 88.268470
3.858709 90.805900 0.432820 88.195560
5.610331 90.710490 2.598013 88.134640
7.446192 90.618500 2.598013 88.134640
9.399524 90.501180 5.006934 88.085980
11.479730 90.400480 7.716410 88.040500
13.711860 90.309310 10.714350 87.997630
16.085620 90.296110 10.714350 87.997630
18.596670 90.402150 13.865400 88.034750
21.177450 90.596610 16.410260 88.154410
23.779620 90.826670 20.012520 88.443010
26.353250 91.014620 23.504550 88.744710
28.915710 91.120230 26.185810 88.901010
31.447940 91.111230 28.734580 88.994180
33.964420 90.997740 31.221700 88.947640
36.481320 90.800320 31.221700 88.947640
39.031160 90.580100 34.542100 88.754880
41.656720 90.362430 38.022900 88.525070
44.342960 90.161050 41.563480 88.291550
47.042730 89.971080 41.563480 88.291550
49.732130 89.736970 45.182210 88.090370
52.379280 89.354210 49.662380 87.688640
54.968500 88.786820 51.345650 87.418310
57.486950 88.064510 54.740030 86.662860
59.967010 87.222230 56.433870 86.198210
62.489200 86.306720 58.893440 85.369020
64.987970 85.371870 62.380360 84.172060
67.548010 84.410830 62.380360 84.172060
70.135210 83.400150 65.799530 82.958130
72.720960 82.281930 69.275660 81.633050
75.294640 81.026180 71.060690 80.876990
77.934750 79.678800 73.739770 79.633140
80.595120 78.300090 77.199490 77.893740
83.237810 76.927920 80.819380 76.100890
85.840430 75.538820 80.849910 76.076330
88.369180 74.062970 84.351150 74.265230
90.792620 72.508150 88.496810 71.811420
93.104350 70.855730 90.162450 70.741550
95.308540 69.114830 91.648160 69.692620
97.416180 67.330560 93.851290 68.032910
99.451290 65.590790 96.645750 65.733810
101.380500 63.966620 99.270880 63.585720
103.192500 62.514710 99.290720 63.553650
104.866600 61.221030 101.697100 61.662470
106.472000 59.956760 103.851900 60.034320
108.065900 58.674990 106.013900 58.369830
109.621000 57.400470 105.987700 58.399340
111.184000 56.090510 108.080300 56.728640
112.797400 54.718930 110.195900 54.999700
114.495000 53.301690 112.560000 53.046620
116.281700 51.901960 112.441800 53.138500
118.184900 50.515520 114.854900 51.250870
120.173200 49.100540 117.491500 49.334640
122.242200 47.599320 120.221700 47.366240
124.364600 46.028410 120.217300 47.368840
126.576200 44.378130 123.097300 45.304900
128.856800 42.670770 126.173200 43.068400
131.194400 40.922780 129.261400 40.766650
133.518000 39.194000 129.198600 40.830670
135.848000 37.430390 132.371600 38.498600
138.166000 35.691480 135.346700 36.328940
140.513900 34.021560 138.495600 34.100150
142.832700 32.348190 138.420900 34.146770
145.118800 30.675490 141.537400 31.919180
147.378500 28.982770 144.682600 29.642840
149.616700 27.299000 147.669500 27.454300
151.798300 25.672770 147.705300 27.426050
153.870900 24.103060 150.598300 25.314440
155.795100 22.599360 153.329500 23.296650
157.567100 21.175120 155.170300 21.891120
159.120100 19.881740 157.399700 20.124720
160.555500 18.690110 158.830400 18.985850
162.010800 17.662520 160.380800 17.870400
163.579600 16.891220 161.846600 17.023390
165.181700 16.359800 163.439200 16.364230
166.884400 16.039170 165.115100 15.919520
168.667400 15.922110 166.857400 15.673200
170.525800 15.941800 167.983300 15.611640
172.440200 15.971130 169.962500 15.566900
174.444000 15.959010 172.586900 15.549610
176.477000 15.903350 172.657600 15.552120
178.585300 15.796770 175.365900 15.490340
180.750600 15.659270 178.199500 15.351130
182.953800 15.464370 181.133400 15.142080
185.219000 15.302340 181.148400 15.139260
187.511200 15.130490 184.170100 14.908480
189.813900 14.959210 187.274100 14.696610
192.113700 14.776240 190.363600 14.493310
194.461000 14.578040 190.387800 14.483200
196.830900 14.362970 193.578000 14.262190
199.263300 14.116070 196.755500 14.008560
201.755200 13.869800 200.071700 13.723390
204.262600 13.617820 200.034700 13.727430
206.796000 13.389100 203.330800 13.426350
209.305700 13.173480 206.627500 13.159040
211.854500 12.979730 210.012400 12.920150
214.376000 12.800540 210.113100 12.926140
216.944700 12.587920 213.523000 12.693260
219.523300 12.357330 216.966500 12.421610
222.151900 12.137010 220.468800 12.151360
224.809100 11.944950 220.294300 12.170390
227.484300 11.736780 223.952700 11.907130
230.174800 11.491230 227.430700 11.641800
232.863400 11.232370 231.035600 11.355870
235.563700 10.991120 231.043600 11.345790
238.224400 10.719920 234.638300 11.027960
240.885600 10.467360 238.237400 10.710960
243.500800 10.248770 241.762600 10.407060
246.090800 10.042910 241.712500 10.418740
248.655600 9.850928 245.155600 10.160680
251.153900 9.672126 248.622400 9.914997
253.551400 9.508367 251.908600 9.707650
255.833600 9.349230 251.820800 9.727227
257.979200 9.197519 254.781400 9.564491
259.925700 8.975124 257.551800 9.383706
261.610100 8.662332 260.162000 9.175390
263.292600 8.350028 262.017000 8.957393
264.972800 8.038313 263.757600 8.682867
266.652900 7.726849 265.366900 8.373872
268.329600 7.415961 265.366900 8.373872
269.438900 7.121329 267.036500 7.994708
270.377700 6.915676 268.458700 7.662172
271.180200 6.803106 269.301300 7.479956
271.947400 6.781844 270.341800 7.330901
272.708500 6.863175 271.093500 7.308710
273.448300 7.056585 271.842800 7.344440
274.160100 7.353067 272.603500 7.507033
274.935400 7.808509 273.472800 7.824420
275.651000 8.694219 274.214000 8.313340
276.215400 9.977662 274.879700 8.933057
276.761000 11.251270 275.588800 9.902716
277.289300 12.511500 276.205500 11.163120
277.801400 13.754730 276.754800 12.699140
278.292200 14.983130 277.071700 13.850320
278.599900 16.875040 277.571300 16.406250
278.816600 18.943450 277.761300 17.838590
279.006400 21.212700 277.862600 19.188630
279.118800 23.659890 278.077100 22.461780
279.256900 26.256370 278.233700 25.918450
279.430000 28.981770 278.233700 25.918450
279.623300 31.776040 278.425100 29.531040
279.815000 34.640650 278.657300 33.258330
280.047600 37.595490 278.946300 37.134940
280.271300 40.561180 278.946300 37.134940
280.485600 43.591550 279.240700 41.138060
280.691200 46.638240 279.537200 45.249760
280.894200 49.698950 279.810800 49.309030
281.109600 52.745410 279.810800 49.309030
281.323700 55.822110 280.087500 53.432380
281.535500 58.894460 280.378200 57.455070
281.790400 61.973850 280.690700 61.478390
282.088900 65.030150 280.690700 61.478390
282.317100 68.123450 281.034400 65.593810
282.523800 71.175790 281.334300 69.682730
282.680600 74.245110 281.595400 73.728350
282.864900 77.282640 281.595400 73.728350
283.098500 80.325530 281.840900 77.755890
283.357100 83.339010 282.119400 81.849030
283.604700 86.365770 282.411600 85.856370
283.852400 89.345300 282.411600 85.856370
284.129800 92.361340 282.719700 89.883120
284.430300 95.340960 283.080400 93.809770
284.793000 98.335460 283.503300 97.763550
285.237200 101.285500 283.503300 97.763550
285.688600 104.203600 284.058300 101.738600
286.157800 107.095500 284.652800 105.530900
286.641700 109.957100 285.266500 109.384100
287.077000 112.802800 285.266500 109.384100
287.491000 115.592900 285.844800 113.177900
287.920600 118.337900 286.318100 116.677300
288.317100 120.935900 286.800200 120.274500
288.710200 123.463200 286.800200 120.274500
289.134900 125.865300 287.272900 123.634900
289.590600 128.118300 287.792300 126.734400
290.058800 130.182800 288.230900 128.972100
290.523700 132.039000 288.667800 130.931100
291.010300 133.731900 289.252000 133.270000
291.438700 135.309900 289.241200 133.199200
291.855800 136.891800 289.812400 135.388200
292.123900 138.490000 290.430300 138.013100
292.239500 140.068500 290.631500 139.583200
292.127600 141.676900 290.652400 141.185000
291.029500 143.108800 290.416300 142.757800
289.928700 144.505800 289.916200 144.351900
288.831900 145.870700 289.139600 145.798300
287.745100 147.203900 288.049200 147.151800
286.674200 148.508400 286.617800 148.431400
285.218400 149.615700 284.854300 149.571100
283.264400 150.526800 283.697200 150.160800
281.243600 151.472100 281.081200 151.449600
279.142200 152.489200 281.025900 151.468900
276.943000 153.583500 278.186000 152.887100
274.640200 154.780100 275.108500 154.449900
272.241200 156.074700 272.035800 156.063900
269.752700 157.422000 272.058700 156.039600
267.236600 158.807600 268.722800 157.814300
264.684300 160.222400 265.392400 159.635400
262.160600 161.709300 262.039700 161.561100
259.725100 163.293400 259.421300 163.173600
257.349900 164.952800 257.021300 164.777000
255.011000 166.651500 257.083000 164.736700
252.619500 168.351100 254.014800 166.924000
250.164300 170.018200 250.788500 169.171500
247.682300 171.635900 247.478800 171.326500
245.126300 173.224000 244.896800 172.890600
242.548800 174.722000 244.864800 172.913100
239.945500 176.172300 241.402700 174.893200
237.309700 177.571800 237.930900 176.758500
234.693200 178.932100 234.396900 178.596300
232.104300 180.305600 234.436300 178.594700
229.551600 181.658600 230.965000 180.383200
227.043200 183.024800 227.593100 182.173000
224.579500 184.376400 224.243300 183.981800
222.160200 185.672600 224.245100 183.989700
219.814700 186.944300 221.032700 185.687000
217.579200 188.137300 217.950100 187.319600
215.410800 189.259700 214.995500 188.857000
213.403600 190.277900 214.974900 188.850300
211.527100 191.221900 212.525700 190.087800
209.817600 192.095800 210.121100 191.285700
208.297700 192.868100 207.986300 192.361900
206.968200 193.578400 208.075200 192.313900
205.865300 194.206200 206.187100 193.282400
204.973800 194.747600 204.827100 194.018400
204.316300 195.181100 204.036800 194.467600
203.737400 195.602300 203.468900 194.824100
203.210200 196.105800 202.886400 195.211100
202.696800 196.620600 202.106300 195.770400
202.144200 197.133000 202.099900 195.764800
201.473700 197.759400 201.379600 196.332900
200.573200 198.528800 200.153900 197.306400
199.482000 199.428500 198.729100 198.473600
198.198700 200.446700 197.526700 199.450000
196.761100 201.508800 196.143600 200.506100
195.184900 202.599000 194.550600 201.632100
193.288100 203.734200 192.824900 202.752100
191.283500 204.885300 190.945000 203.883500
189.279000 206.036300 190.955400 203.873300
187.275300 207.186700 188.328300 205.376200
185.272600 208.336500 185.529000 206.931000
183.204100 209.508400 182.560700 208.547600
180.929900 210.774300 182.546700 208.555000
178.619300 212.048100 179.486000 210.259000
176.321500 213.330200 176.404400 211.963400
174.024500 214.608700 173.318800 213.657100
171.754700 215.878900 173.352800 213.644400
169.515300 217.138500 170.273600 215.332700
167.327500 218.336000 167.308400 216.964400
165.285500 219.466500 164.549300 218.466100
163.394800 220.485400 164.519900 218.468600
161.653300 221.359700 162.067300 219.772600
160.045000 222.107800 159.855300 220.873700
158.407800 222.712800 157.714300 221.803900
156.741800 223.119400 155.975600 222.375100
155.079700 223.337300 154.249100 222.727700
153.375200 223.375200 152.529400 222.871600
151.587600 223.291200 151.395100 222.875000
149.703300 223.122300 150.077300 222.837600
147.697400 222.947800 147.473100 222.655400
145.559400 222.768000 144.586600 222.406000
143.255100 222.576300 144.595100 222.416100
140.825300 222.367500 141.393300 222.154200
138.238300 222.212600 138.071900 221.902700
135.505900 222.075700 134.434900 221.708000
132.663600 221.969500 134.416800 221.695400
129.720900 221.858000 130.641400 221.545700
126.663200 221.699300 126.597500 221.377400
123.629900 221.554900 122.521100 221.211800
120.566400 221.374500 122.526600 221.208200
117.510800 221.171400 118.417200 220.990600
114.517900 220.968300 114.385400 220.745200
111.525900 220.772200 110.380800 220.504900
108.601100 220.585800 110.372500 220.491800
105.691500 220.424200 106.466000 220.255300
102.797100 220.263800 102.570300 220.033700
99.942900 220.117000 98.703780 219.853800
97.108700 219.956700 98.747730 219.845500
94.343720 219.761900 94.890030 219.636800
91.704060 219.564100 91.289010 219.413900
89.187440 219.382600 87.894080 219.163000
86.853370 219.207900 87.894440 219.179300
84.722070 219.078600 84.761260 218.939600
82.768890 219.013700 82.042710 218.748600
80.972640 219.075500 79.594010 218.687900
79.229300 219.254500 77.771880 218.789200
77.556090 219.622800 76.059900 219.046800
75.960560 220.193700 74.391170 219.506100
74.503440 221.032800 72.804340 220.187700
73.247040 222.197000 71.480100 221.121000
72.168900 223.540300 70.338230 222.281700
71.281570 225.143300 69.323550 223.705200
70.601490 226.926700 68.494710 225.394900
70.127700 228.840900 67.859750 227.308600
69.878300 230.896400 67.620750 228.611200
69.713240 233.064700 67.310740 231.490300
69.624990 235.277300 67.194360 233.763800
69.560920 237.559500 67.193450 233.792700
69.520270 239.919800 67.117130 236.831800
69.480170 242.355500 67.013660 240.088400
69.422430 244.904300 66.906900 243.479400
69.286960 247.537300 66.896900 243.489100
69.141070 250.228700 66.721420 247.014400
68.999880 253.025600 66.559370 250.666700
68.856910 255.930900 66.373860 254.506200
68.703600 258.907800 66.363440 254.548900
68.517870 262.029500 66.188470 258.599700
68.350620 265.186400 66.008870 262.706500
68.163940 268.396000 65.828830 266.931900
67.965540 271.613500 65.811630 266.889400
67.785340 274.806600 65.564210 271.397600
67.592920 277.988600 65.335150 275.680800
67.386620 281.166500 65.091590 279.908300
67.179990 284.300900 65.094680 279.965500
66.973690 287.456300 64.845460 284.076500
66.759970 290.605100 64.600520 288.158300
66.549740 293.741800 64.385820 292.323300
66.346760 296.850700 64.394020 292.285300
66.146280 299.919800 64.186140 296.277100
65.909190 302.991000 63.954770 300.354000
65.661260 306.016700 63.672790 304.390600
65.383130 309.038800 63.659170 304.437000
65.047660 312.028400 63.328050 308.367400
64.674680 315.008300 62.932500 312.297500
64.241860 317.963200 62.448230 316.244000
63.806810 320.916600 62.444180 316.319900
63.420100 323.896000 61.923230 320.244700
63.075590 326.901600 61.447940 324.300700
62.777190 329.896600 61.072240 328.286200
62.594940 332.932100 61.078090 328.138600
62.454760 335.950600 60.789430 332.172400
62.310500 338.994000 60.534090 336.335200
62.164400 342.041400 60.345710 340.385600
62.032770 345.031500 60.336550 340.532000
61.912010 348.006900 60.151520 344.465500
61.789860 350.918300 59.972820 348.527900
61.707910 353.706100 59.826560 352.282400
61.613990 356.391400 59.828410 352.181800
61.552410 358.953500 59.707860 355.710600
61.565970 361.378700 59.659920 359.010500
61.590200 363.597500 59.676100 362.036700
61.625890 365.650000 59.659640 362.029100
61.641400 367.672700 59.716040 364.808500
61.643910 369.692400 59.729560 367.530500
61.558330 371.675600 59.699850 369.530700
61.361890 373.698200 59.544420 372.289000
61.080590 375.805500 59.294230 374.316400
60.745070 378.022000 59.288230 374.421800
60.413740 380.393600 58.851080 377.446300
60.147400 382.875100 58.435850 380.581700
59.937190 385.515500 58.166130 383.186100
59.814310 388.251900 57.970180 385.927500
59.766100 391.128100 57.829890 389.718700
59.764420 394.096900 57.846860 389.728400
59.747220 397.211000 57.790690 393.769100
59.696040 400.418200 57.726430 397.962300
59.615900 403.624200 57.639420 402.175700
59.476640 406.849000 57.622590 402.337800
59.320890 410.042500 57.439760 406.725400
59.145110 413.205600 57.214690 410.977200
58.968930 416.364600 56.980030 415.231800
58.806860 419.496400 56.982420 415.188300
58.627840 422.584600 56.770680 419.292900
58.480820 425.636500 56.541670 423.414500
58.342980 428.577300 56.352790 427.382500
58.179110 431.377400 56.359320 427.349300
57.995810 434.043700 56.166140 430.988100
57.753920 436.572100 55.926500 434.491600
57.470620 438.947800 55.603180 437.736300
57.148870 441.181700 55.622060 437.607900
56.787470 443.237900 55.229330 440.614700
56.419550 445.075600 54.781490 443.170600
56.186420 446.732100 54.485130 444.875100
56.373540 448.149300 54.264230 446.902300
57.096360 449.280500 54.338580 448.406700
57.797660 450.368100 54.642210 449.690000
58.469280 451.417300 55.191030 450.897200
59.099960 452.419000 55.946170 451.755400
59.693890 453.395700 56.845680 452.471800
60.829550 453.823400 57.789160 452.973200
62.117600 454.031500 59.065860 453.392500
63.555790 454.181300 60.404190 453.603400
65.165260 454.224000 61.352740 453.661300
66.918750 454.288600 63.708030 453.755300
68.815140 454.380000 63.708030 453.755300
70.861760 454.481400 66.348330 453.860800
73.024940 454.593700 69.108640 453.999500
75.355670 454.739600 72.137130 454.192600
77.804190 454.892700 72.137130 454.192600
80.358960 455.052400 75.422400 454.409400
83.002440 455.239300 78.812570 454.655400
85.770950 455.413200 82.495480 454.894300
88.576960 455.537100 82.495480 454.894300
91.445490 455.682100 86.328530 455.107600
94.360010 455.843500 90.183270 455.317300
97.273730 456.002300 94.151470 455.542800
100.205200 456.167400 94.151470 455.542800
103.127500 456.340300 98.064280 455.771000
106.027500 456.485500 102.019400 455.995900
108.937600 456.607600 105.915300 456.181400
111.801100 456.761000 105.915300 456.181400
114.663200 456.917400 109.771400 456.381900
117.476100 457.050500 113.503500 456.582600
120.235700 457.204700 117.060200 456.782100
122.966100 457.385600 117.060200 456.782100
125.683400 457.589900 120.730100 457.010300
128.360800 457.860800 124.425100 457.296500
130.996800 458.220100 127.000100 457.593100
133.617900 458.652700 129.613800 457.965700
136.184300 459.149000 133.076200 458.577700
138.747700 459.707800 132.995100 458.569400
141.245600 460.326800 136.358100 459.269000
143.730000 461.004600 138.851300 459.878900
146.138800 461.754900 141.439000 460.582600
148.533300 462.601100 144.646600 461.614700
150.875400 463.493900 147.881600 462.753900
153.185400 464.427100 147.881600 462.753900
155.466500 465.389800 150.994300 463.950500
157.706600 466.401400 154.059200 465.256600
159.890600 467.475000 156.219400 466.289600
162.026600 468.596800 159.085400 467.734900
164.086300 469.739700 161.201900 468.891500
166.113000 470.938000 163.186600 470.061600
168.030000 472.130000 163.200500 470.053700
169.790400 473.311900 165.727100 471.638100
171.405900 474.441600 168.094500 473.250900
172.855100 475.469200 170.015600 474.616000
174.154100 476.359800 170.016500 474.623000
175.306100 477.078500 172.448400 476.267200
176.328600 477.623500 173.170300 476.696700
177.349500 478.091100 174.587000 477.446700
178.418800 478.406500 175.642200 477.864300
179.483300 478.557800 176.701800 478.161700
180.532000 478.545600 177.700500 478.292800
181.664800 478.384600 178.831600 478.280800
182.853600 478.068600 180.001100 478.132600
184.062500 477.505100 181.241600 477.723100
185.324000 476.651900 182.640600 477.002500
186.626300 475.461000 184.031700 475.922100
188.001900 474.001700 185.395600 474.570000
189.455200 472.316500 186.384500 473.477900
190.983500 470.404200 188.012200 471.561400
192.628300 468.328400 190.184400 468.832100
194.407600 466.101300 190.037700 468.991600
196.244800 463.736100 192.407300 465.985200
198.105400 461.325800 194.961300 462.680000
199.985200 458.920500 197.431900 459.438500
201.876600 456.527900 197.353300 459.533900
203.779600 454.144500 199.908200 456.299200
205.684800 451.785300 202.442700 453.113600
207.587600 449.439600 204.866200 450.156800
209.486400 447.113900 204.820000 450.184600
211.359400 444.786300 207.351600 447.042600
213.214900 442.474200 209.866300 443.926000
215.069500 440.180800 212.280900 440.914600
216.924900 437.908400 212.284000 440.918100
218.830200 435.603200 214.799000 437.850600
220.784100 433.242000 217.248700 434.865700
222.789700 430.840100 219.994700 431.589800
224.813600 428.408200 219.917700 431.681600
226.833500 425.995400 222.643000 428.381700
228.852900 423.583200 225.265400 425.217200
230.871600 421.171900 227.912100 422.041700
232.891600 418.759100 227.927200 422.049500
234.910900 416.347200 230.636600 418.850900
236.823000 414.107800 233.261300 415.769300
238.394100 412.113700 235.601300 412.978300
239.552300 410.295700 235.463200 413.151200
240.709400 408.481300 237.570100 410.568600
241.865700 406.670700 239.587900 407.793100
243.022600 404.863700 240.552000 406.150700
243.966000 403.113100 241.194100 404.537300
244.092200 401.451800 241.559300 402.855400
243.761300 399.751700 241.414200 401.587400
243.150200 398.275400 241.016000 400.180500
242.226700 396.884600 240.301200 398.757900
241.061000 395.599800 239.304100 397.367000
239.705900 394.403400 238.069100 396.123700
238.175300 393.294500 236.569900 394.884200
236.419400 392.300600 234.792500 393.724500
234.459400 391.403600 233.504100 393.038400
232.296800 390.642000 230.681400 391.873600
229.928300 389.982900 229.115800 391.357800
227.393300 389.389600 225.810500 390.489200
224.668900 388.898300 223.996000 390.092700
221.793400 388.499000 221.111800 389.610200
218.753000 388.110100 217.030500 389.066000
215.598900 387.729100 217.069900 389.081500
212.374300 387.364600 212.785800 388.587600
209.090300 387.016800 208.390800 388.117200
205.769200 386.697400 203.938100 387.701100
202.412600 386.399000 203.992300 387.704100
199.045700 386.119600 199.444400 387.328000
195.673600 385.866600 194.925400 386.976200
192.318400 385.628000 190.461800 386.706200
188.992700 385.419600 190.526100 386.705600
185.689500 385.243800 186.084400 386.441400
182.429100 385.082400 181.771300 386.216000
179.191400 384.930500 177.429700 386.002300
175.998400 384.780500 177.421900 386.011500
172.833800 384.646900 173.130200 385.794700
169.703100 384.518800 168.885200 385.572300
166.621100 384.405900 164.743700 385.365200
163.623500 384.321500 164.739400 385.346000
160.758900 384.263600 160.749100 385.190900
158.068600 384.244300 157.137400 385.092000
155.559000 384.244400 153.528500 385.081800
153.212500 384.204900 153.619500 385.095400
151.033700 384.091400 150.512700 385.030100
149.059400 383.872700 147.144400 384.794200
147.360800 383.500700 145.226000 384.530700
145.917000 382.883100 143.681900 384.107200
144.682600 382.019000 142.362100 383.452700
143.726400 380.925400 141.256300 382.509900
143.040100 379.649600 140.518300 381.470900
142.611000 378.230900 139.916700 380.175800
142.361800 376.682500 139.481800 378.604300
142.230400 374.988900 139.286200 377.099900
142.149700 373.190200 139.175200 375.919500
142.129800 371.279100 139.099600 374.079500
142.119000 369.215000 139.049200 371.327900
142.117500 367.008300 139.052100 371.347100
142.176700 364.637300 139.041000 368.344800
142.269700 362.110400 139.108900 365.060400
142.373000 359.411700 139.238500 361.473500
142.526800 356.549700 139.240500 361.543100
142.692500 353.551700 139.439600 357.720600
142.835600 350.477000 139.650000 353.598900
143.009300 347.339000 139.868800 349.461400
143.169400 344.158300 139.875300 349.385100
143.356400 340.955400 140.078500 345.106400
143.556100 337.763600 140.335600 340.867700
143.732800 334.563700 140.565900 336.644200
143.935400 331.393800 140.602100 336.539900
144.158000 328.197900 140.837400 332.245400
144.356600 324.983500 141.047600 328.104800
144.534000 321.695300 141.266400 323.742100
144.698000 318.364400 141.272500 323.776500
144.878900 314.970200 141.472700 319.369600
145.081700 311.522000 141.681600 314.817500
145.301800 308.031600 141.908400 310.218200
145.503800 304.508000 141.927800 310.041100
145.708200 300.964000 142.140300 305.327400
145.923800 297.408500 142.352200 300.680700
146.152500 293.882800 142.596100 295.984900
146.390400 290.389700 142.589200 295.937100
146.613600 286.900400 142.867200 291.231100
146.826100 283.435200 143.150200 286.569800
147.033100 279.993600 143.409800 281.937000
147.244600 276.532600 143.401400 281.938600
147.422700 273.125800 143.644700 277.353800
147.582500 269.770200 143.875700 272.847200
147.765000 266.399500 144.086600 268.393500
147.954700 263.099000 144.095500 268.299600
148.136400 259.853200 144.331100 263.984500
148.303900 256.631500 144.518000 259.629800
148.483600 253.495400 144.680400 255.391600
148.645900 250.505500 144.701800 255.385500
148.802900 247.619800 144.911500 251.320100
148.957100 244.924000 145.110900 247.515300
149.120900 242.376200 145.316600 244.087600
149.300100 239.994300 145.330500 244.106800
149.468000 237.816200 145.516600 241.080000
149.628100 235.849500 145.743500 238.258500
149.788500 234.085500 145.944900 235.860500
149.888300 232.499000 145.919500 236.001700
149.886700 231.066100 146.119800 232.918900
149.728600 229.773800 146.067300 231.667900
149.399000 228.552100 145.890700 230.375200
148.906200 227.392400 145.548700 229.274000
148.257000 226.334800 145.043400 228.086800
147.397200 225.347400 144.408300 227.074200
146.332100 224.463300 143.486100 226.009300
145.054700 223.731900 142.359600 225.089500
143.556900 223.139100 140.969200 224.311700
141.904100 222.690300 139.444800 223.716300
140.095400 222.406000 138.286400 223.401300
138.122500 222.217700 135.834400 222.988900
135.967800 222.085700 133.701200 222.767600
133.621000 221.981100 133.689000 222.759200
131.136500 221.929900 130.524400 222.529600
128.449800 221.891200 127.051300 222.370100
125.589200 221.860300 123.297500 222.208000
122.658800 221.839300 123.308200 222.210300
119.664900 221.789800 119.351900 222.059100
116.644100 221.711700 115.188500 221.866800
113.625600 221.625200 111.246100 221.625300
110.649400 221.433200 111.212300 221.630300
107.726500 221.225500 107.238300 221.357200
104.789800 221.038600 103.303200 221.086200
101.892600 220.868000 99.504480 220.831800
99.026160 220.712600 99.538750 220.823900
96.193030 220.537100 95.689120 220.588400
93.396190 220.385800 92.024010 220.356100
90.728710 220.262100 88.421270 220.125700
88.234040 220.149200 88.406760 220.101700
85.997980 219.985500 85.137270 219.890800
84.015240 219.854900 82.301750 219.716800
82.322020 219.740900 80.001360 219.572000
80.851380 219.691700 79.977220 219.556800
79.466870 219.724100 77.097500 219.494600
78.094210 219.912400 75.671830 219.568200
76.794600 220.239500 74.330290 219.812300
75.546160 220.757700 73.127850 220.146200
74.382630 221.428600 71.871880 220.647300
73.268960 222.354700 70.696410 221.377100
72.271920 223.460600 69.636850 222.272900
71.423800 224.790900 68.680250 223.372300
70.764820 226.271900 67.885040 224.648300
70.238320 227.726300 67.228430 226.046400
69.877040 229.218200 66.756840 227.539700
69.661770 230.754000 66.528280 228.541900
69.533100 232.343200 66.242900 230.648000
69.443340 233.967200 66.126250 232.249200
69.378840 235.601500 66.126540 232.236700
69.230100 237.232000 65.999390 234.395200
68.978710 238.847800 65.725170 237.047900
68.575100 240.383400 65.410510 238.565400
67.988300 241.693300 64.944240 239.927000
67.125370 242.831100 64.282820 241.175500
66.086350 243.807300 63.410010 242.336100
64.869540 244.556500 62.327150 243.218200
63.555630 245.119600 61.094680 243.889500
62.083690 245.413500 59.689400 244.346700
60.547830 245.534100 58.119420 244.594900
58.935830 245.520200 56.545970 244.650700
57.176410 245.424300 54.767770 244.611300
55.257350 245.305300 54.811020 244.613000
53.159480 245.201200 52.179630 244.498800
50.886640 245.111400 49.096440 244.356100
48.434380 245.035100 46.245010 244.225100
45.820140 244.963800 46.266620 244.222500
43.069320 244.864300 42.722540 244.078900
40.172070 244.723800 38.948120 243.881000
37.102630 244.568400 34.956980 243.638300
33.924070 244.386000 34.946630 243.638200
30.676330 244.183900 30.693330 243.356600
27.438540 243.994200 26.334220 243.085800
24.208570 243.837400 22.092300 242.831200
20.993490 243.649100 22.060200 242.831800
17.816250 243.415700 17.765500 242.556500
14.692700 243.167700 13.447060 242.248000
11.645960 242.907900 9.440400 241.863700
8.749169 242.642400 9.413624 241.873500
6.011306 242.398200 5.584001 241.539600
3.474518 242.182200 2.062259 241.207700
1.168286 241.992600 -0.958151 240.958500
-0.898771 241.821000 -1.091620 240.954800
-2.696521 241.698400 -3.797897 240.718300
-4.190561 241.640100 -5.925298 240.584000
-5.386511 241.629500 -7.639576 240.517800
-6.326933 241.660000 -8.634399 240.492900
-7.082572 241.712200 -9.398951 240.506500
-7.774661 241.792800 -10.206250 240.545700
-8.447696 241.919900 -10.418560 240.606700
-9.095550 242.094400 -11.269900 240.739000
-9.780101 242.353600 -12.003270 240.912600
-10.603980 242.792800 -12.688530 241.190200
-11.498330 243.420200 -13.586500 241.629700
-12.344280 244.279900 -14.556920 242.307800
-13.099550 245.362100 -15.491440 243.256600
-13.710790 246.730700 -16.128170 244.348600
-14.152340 248.336800 -16.770010 245.915000
-14.411960 250.183800 -17.205690 247.781700
-14.511960 252.255000 -17.408650 249.910000
-14.575160 254.543600 -17.376620 249.815300
-14.644070 257.034400 -17.500330 252.935100
-14.710490 259.717600 -17.603660 256.330000
-14.807480 262.576000 -17.756770 260.130700
-14.929060 265.663300 -17.755610 260.119700
-15.020770 268.902000 -17.936700 264.290300
-15.143050 272.307400 -18.144300 268.795700
-15.261360 275.830800 -18.375710 273.471000
-15.391430 279.433500 -18.386630 273.484400
-15.541770 283.128600 -18.643120 278.247800
-15.703140 286.824000 -18.953410 283.210100
-15.887430 290.565600 -19.271880 288.187200
-16.052460 294.301700 -19.268020 288.209800
-16.203910 298.051600 -19.559760 293.227900
-16.370630 301.836700 -19.850140 298.308000
-16.534560 305.629900 -20.106780 303.391400
-16.702490 309.430600 -20.107400 303.324100
-16.858450 313.259100 -20.391200 308.618200
-17.014290 317.093800 -20.690850 313.724500
-17.160050 320.915200 -21.009380 318.953700
-17.310980 324.725600 -20.986740 318.773600
-17.457990 328.526000 -21.279830 323.899500
-17.601060 332.286400 -21.557490 328.925900
-17.752870 336.035700 -21.836600 333.944900
-17.907160 339.718900 -21.853230 333.965000
-18.082040 343.305300 -22.130680 338.759600
-18.248810 346.726900 -22.426530 343.498800
-18.437360 349.998500 -22.707310 347.941300
-18.609970 353.158900 -22.711220 347.930100
-18.743280 356.160100 -22.977410 352.137900
-18.844480 358.966600 -23.183660 356.045500
-18.920830 361.583300 -23.339060 359.587400
-18.977900 363.963900 -23.333560 359.597800
-19.028190 366.122800 -23.471590 362.772000
-19.109830 368.019200 -23.555280 365.478300
-19.234950 369.712600 -23.690150 367.754000
-19.469350 371.273700 -23.850130 369.207600
-19.959330 372.738000 -24.174970 370.549500
-20.737910 374.032800 -24.664340 371.619300
-21.748530 375.114300 -25.459470 372.800700
-22.999370 375.954500 -26.522510 373.747300
-24.432570 376.529200 -27.795300 374.422600
-25.999060 376.640200 -29.320040 374.833400
-27.700810 376.581400 -31.066440 374.915800
-29.445520 376.334500 -32.062060 374.798500
-31.324050 376.002400 -33.242060 374.632700
-33.327570 375.651900 -35.755010 374.178700
-35.535230 375.299200 -38.678590 373.703000
-37.913380 374.928500 -38.742350 373.676800
-40.461440 374.606400 -42.055090 373.167100
-43.164920 374.342500 -44.602690 372.843800
-46.026710 374.108500 -48.361270 372.487500
-49.018500 373.893500 -52.304590 372.208300
-52.125150 373.685600 -52.162780 372.223800
-55.328120 373.487200 -56.359680 371.946100
-58.571190 373.306100 -60.713110 371.702900
-61.844400 373.140600 -64.946440 371.470500
-65.129510 372.964200 -64.948380 371.459800
-68.399380 372.792300 -69.420010 371.204400
-71.648100 372.602400 -73.801430 370.918400
-74.879760 372.403400 -77.857470 370.663000
-78.075710 372.246500 -77.911710 370.638300
-81.234350 372.119900 -82.164850 370.385100
-84.322090 372.037600 -86.350640 370.199000
-87.256990 372.003100 -90.272650 370.070500
-90.036340 371.992600 -90.297690 370.084600
-92.685340 371.979800 -94.049960 369.998200
-95.303200 371.934900 -97.578830 369.925600
-97.879210 371.775500 -100.032200 369.838000
-100.461300 371.507400 -102.774900 369.613300
-103.108600 371.193900 -106.290900 369.209400
-105.833100 370.892600 -106.290900 369.209400
-108.706800 370.583900 -110.024000 368.773200
-111.689400 370.303500 -113.821800 368.345600
-114.861500 370.100500 -118.069700 367.993000
-118.160300 369.888800 -118.069700 367.993000
-121.555700 369.751600 -122.489300 367.702800
-125.105500 369.682800 -127.176700 367.486600
-128.655900 369.662400 -131.908500 367.368500
-132.212900 369.655400 -131.908500 367.368500
-135.720300 369.646000 -136.579600 367.319300
-139.236700 369.568300 -141.309000 367.242400
-142.708200 369.398800 -145.840400 367.037000
-146.178600 369.229000 -145.840400 367.037000
-149.596100 369.032200 -150.589400 366.767300
-153.029900 368.846700 -155.227900 366.480400
-156.414400 368.626400 -159.840300 366.178200
-159.755500 368.368000 -159.840300 366.178200
-163.085300 368.113500 -164.341200 365.798700
-166.350900 367.840000 -168.738500 365.419700
-169.584200 367.574400 -173.169300 365.035100
-172.772700 367.319800 -173.169300 365.035100
-175.957800 367.044400 -177.481900 364.650700
-179.172000 366.794400 -181.693200 364.283500
-182.395100 366.625100 -186.136200 363.974900
-185.647900 366.504400 -186.136200 363.974900
-188.933700 366.403700 -190.458000 363.744400
-192.245300 366.285600 -194.839300 363.571300
-195.589800 366.201200 -199.245300 363.417300
-198.981700 366.178900 -199.245300 363.417300
-202.399600 366.193500 -203.677600 363.345200
-205.821900 366.214600 -208.285000 363.326100
-209.221200 366.265600 -212.861800 363.347200
-212.590200 366.336400 -212.861800 363.347200
-215.920000 366.440200 -217.412300 363.385100
-219.137100 366.588000 -221.663000 363.486200
-222.203800 366.800800 -225.899200 363.692200
-225.144400 367.035800 -225.899200 363.692200
-227.921100 367.269900 -229.829600 363.947100
-230.560400 367.500400 -233.362000 364.222400
-232.963100 367.777100 -236.750200 364.542900
-235.114200 368.131900 -238.929700 364.826100
-237.069600 368.580600 -240.173800 365.054800
-238.822800 369.056200 -241.588300 365.322500
-240.419500 369.488100 -243.780400 365.866600
-241.887100 369.846500 -245.776300 366.360300
-243.204500 370.123400 -246.963600 366.650500
-244.444500 370.305300 -247.736400 366.810000
-245.674400 370.378700 -249.475500 367.034200
-246.871800 370.388100 -250.278500 367.086500
-248.075000 370.349200 -251.106600 367.121200
-249.348800 370.314100 -252.683800 367.071700
-250.648700 370.300100 -254.496300 367.031300
-251.933700 370.327900 -255.800600 367.027400
-253.209100 370.407200 -256.992400 367.058800
-254.457700 370.525800 -258.295300 367.148500
-255.594000 370.683100 -259.437600 367.273800
-256.592500 370.835900 -259.437600 367.273800
-257.560500 370.991800 -260.775800 367.457100
-258.510200 371.063700 -262.029000 367.638500
-259.453600 371.056600 -263.282200 367.739300
-260.482700 370.926700 -264.324700 367.720100
-261.590700 370.649400 -265.431600 367.567300
-262.743700 370.151400 -266.640700 367.222500
-263.924500 369.415100 -267.856800 366.657700
-265.073100 368.376200 -269.125800 365.760800
-266.121700 367.028000 -270.249100 364.579500
-267.007800 365.362600 -271.218100 363.056200
-267.746900 363.423200 -272.041100 361.247100
-268.340800 361.256100 -272.715700 359.113300
-268.808900 358.870500 -273.067700 357.594400
-269.143100 356.260600 -273.608100 354.194700
-269.364000 353.460400 -273.596400 354.300100
-269.628500 350.451000 -273.933600 350.470800
-269.898100 347.268500 -274.267500 346.364800
-270.167000 343.959200 -274.613700 341.910200
-270.432100 340.564500 -274.611200 341.897600
-270.679500 337.052300 -274.920000 337.263800
-270.895000 333.461700 -275.167800 332.663500
-271.055600 329.902500 -275.298700 329.078500
-271.176000 326.313600 -275.453400 324.347300
-271.251400 322.762400 -275.453400 324.347300
-271.280600 319.239400 -275.498900 319.686000
-271.249000 315.743100 -275.456200 315.110700
-271.155700 312.268400 -275.314900 310.332800
-271.030700 308.826000 -275.314900 310.332800
-270.853200 305.405300 -275.075300 305.751000
-270.620800 301.989900 -274.747300 301.104300
-270.339900 298.574000 -274.350900 296.508100
-270.033700 295.140000 -274.350900 296.508100
-269.673600 291.685400 -273.903100 292.020600
-269.279700 288.205800 -273.345200 287.291400
-268.845400 284.699700 -272.749200 282.625400
-268.359100 281.176700 -272.749200 282.625400
-267.830200 277.627700 -272.071300 277.897300
-267.259900 274.057300 -271.298400 273.115100
-266.639000 270.469100 -270.446300 268.249300
-265.946700 266.863000 -270.446300 268.249300
-265.197600 263.244200 -269.474000 263.408800
-264.373600 259.580700 -268.349600 258.405000
-263.496200 255.913700 -267.169800 253.621100
-262.579000 252.268700 -267.169800 253.621100
-261.578600 248.631700 -265.896600 248.893200
-260.543600 245.038000 -264.532000 244.174800
-259.463100 241.441900 -263.046100 239.334400
-258.338800 237.858000 -263.046100 239.334400
-257.174300 234.290800 -261.488100 234.549800
-255.948100 230.729700 -259.864600 229.840700
-254.680100 227.195300 -258.180100 225.158200
-253.365400 223.704600 -258.180100 225.158200
-252.024000 220.230700 -256.415200 220.546300
-250.667100 216.782300 -254.564100 215.913700
-249.287500 213.348300 -252.708300 211.388900
-247.875300 209.945400 -252.708300 211.388900
-246.421800 206.558700 -250.787400 206.830600
-244.916800 203.207700 -248.847700 202.477800
-243.384000 199.870800 -246.785400 198.026500
-241.813200 196.565100 -246.785400 198.026500
-240.196400 193.309900 -244.658900 193.698800
-238.542200 190.099200 -242.436500 189.373400
-236.861600 186.913700 -240.250700 185.287900
-235.165000 183.752000 -240.250700 185.287900
-233.429300 180.624500 -237.916700 181.112500
-231.622200 177.521500 -235.515600 176.948900
-229.743800 174.321000 -233.014100 172.787400
-227.826100 171.097900 -233.014100 172.787400
-225.852800 167.897800 -230.409300 168.602800
-223.810500 164.722600 -227.629700 164.332000
-221.724500 161.612100 -224.739800 160.087900
-219.613800 158.543000 -224.739800 160.087900
-217.478100 155.515000 -221.940800 156.110500
-215.316600 152.527500 -219.029700 152.140200
-213.150700 149.586800 -216.116500 148.226400
-210.962200 146.680800 -216.116500 148.226400
-208.737800 143.822600 -213.239900 144.513800
-206.471900 140.984900 -210.198200 140.725500
-204.155100 138.176200 -207.125400 137.056400
-201.784400 135.400600 -207.125400 137.056400
-199.366200 132.630100 -203.871700 133.334800
-196.890900 129.861700 -200.568400 129.673200
-194.370200 127.108500 -197.169600 126.015400
-191.775000 124.378600 -197.169600 126.015400
-189.124000 121.658100 -193.683500 122.417300
-186.413300 118.972100 -190.142100 118.869600
-183.652100 116.299900 -186.251400 115.118300
-180.833900 113.636200 -186.251400 115.118300
-177.941000 111.012300 -182.526300 111.641400
-175.004800 108.364000 -178.564700 108.100400
-172.053900 105.709500 -174.623900 104.665400
-169.069600 103.080200 -174.623900 104.665400
-166.066100 100.446500 -170.648600 101.221000
-163.075100 97.812220 -166.541600 97.721090
-160.138200 95.134100 -162.689600 94.379220
-157.200100 92.475810 -162.689600 94.379220
-154.275600 89.830860 -158.862300 90.999610
-151.375100 87.179520 -154.852000 87.446570
-148.492200 84.507520 -150.964500 83.988820
-145.590800 81.847270 -150.964500 83.988820
-142.660500 79.211590 -147.036500 80.496320
-139.724700 76.580210 -143.023600 76.967820
-136.784200 73.943950 -139.030500 73.478080
-133.841200 71.308100 -139.030500 73.478080
-130.910700 68.676740 -135.015900 69.951500
-127.984900 66.040280 -131.004600 66.433190
-125.063100 63.430430 -127.179800 63.077810
-122.156900 60.831360 -127.179800 63.077810
-119.245300 58.228170 -123.152900 59.546810
-116.347300 55.617720 -119.221600 56.119550
-113.455700 53.003780 -115.198700 52.592380
-110.532900 50.381290 -115.198700 52.592380
-107.626500 47.762710 -111.223300 49.126680
-104.694500 45.120130 -107.321100 45.730810
-101.763800 42.487340 -103.331900 42.279840
-98.798280 39.841630 -103.331900 42.279840
-95.852140 37.183550 -99.374130 38.867490
-92.880440 34.532400 -95.436770 35.429000
-89.902870 31.874270 -91.311840 31.850840
-86.914010 29.212990 -91.311840 31.850840
-83.926180 26.550970 -87.159470 28.275880
-80.937000 23.913040 -83.129190 24.781760
-77.954470 21.290830 -79.093380 21.308560
-74.988480 18.686980 -79.093380 21.308560
-72.057280 16.091360 -75.144270 17.912140
-69.169900 13.500340 -71.255340 14.541890
-66.299690 10.910920 -67.352940 11.142420
-63.479030 8.339491 -67.352940 11.142420
-60.679800 5.771217 -63.412180 7.697553
-57.915100 3.248503 -59.664530 4.373552
-55.221770 0.803962 -55.885450 0.979446
-52.611160 -1.543085 -55.885450 0.979446
-50.088880 -3.789114 -52.427660 -2.083664
-47.643790 -5.973092 -49.256800 -4.844905
-45.315860 -8.034447 -46.118540 -7.580270
-43.113230 -9.933193 -46.118540 -7.580270
-41.031450 -11.662370 -43.196960 -10.056110
-39.046940 -13.214250 -40.480700 -12.285140
-37.082270 -14.591780 -37.904690 -14.190930
-35.097350 -15.760670 -36.006150 -15.393740
-33.058170 -16.673330 -34.031230 -16.406940
-30.971870 -17.280460 -31.983850 -17.156480
-28.865760 -17.581610 -29.978760 -17.578090
-26.784970 -17.545160 -27.922840 -17.681530
-24.786370 -17.180030 -25.898040 -17.479070
-22.895390 -16.501740 -24.012920 -16.959240
-21.151920 -15.579560 -22.271820 -16.171190
-19.536240 -14.512750 -20.569190 -15.151850
-17.952400 -13.439350 -20.580910 -15.160520
-16.387990 -12.406440 -18.537520 -13.768710
-14.863100 -11.417480 -16.575460 -12.398320
-13.393330 -10.522110 -14.639360 -11.102790
-12.012560 -9.712136 -14.525400 -11.035710
-10.724060 -9.005949 -12.687150 -9.899512
-9.550035 -8.378380 -11.044790 -8.939868
-8.515855 -7.864360 -9.640652 -8.151572
-7.666677 -7.451274 -9.665004 -8.180004
-6.965634 -7.116444 -8.539519 -7.564116
-6.290034 -6.754992 -7.608817 -7.082645
-5.683176 -6.365703 -6.947919 -6.721895
-5.115930 -5.951422 -6.139824 -6.252335
-4.546901 -5.474396 -5.844884 -6.030745
-3.918483 -4.841217 -4.935486 -5.283152
-3.251958 -4.063126 -4.204179 -4.568833
-2.618666 -3.132043 -3.504239 -3.713377
-1.995823 -2.041747 -2.831406 -2.733210
-1.444291 -0.709844 -2.184466 -1.498499
-0.945890 0.845441 -1.598908 0.012226
-0.637858 2.648628 -1.145258 1.784773
-0.490261 4.697446 -0.958030 3.005914
-0.464139 6.920857 -0.785915 5.852430
-0.531398 9.295931 -0.789125 7.421589
-0.624242 11.817770 -0.895087 10.738490
-0.711873 14.466010 -0.918159 10.670400
-0.825265 17.247450 -1.083853 14.210040
-0.950867 20.106980 -1.250726 18.041010
-1.111700 23.081510 -1.466868 21.920780
-1.318962 26.177850 -1.471737 21.920620
-1.558337 29.342010 -1.761467 26.135800
-1.802380 32.590800 -2.122633 30.438090
-2.057718 35.829860 -2.482117 34.706700
-2.317142 39.134640 -2.493860 34.799280
-2.563489 42.479060 -2.869704 39.183650
-2.782512 45.832490 -3.243923 43.676440
-2.981824 49.222850 -3.571619 48.204710
-3.156600 52.663260 -3.574946 48.079530
-3.326194 56.134890 -3.857505 52.682850
-3.502086 59.661300 -4.167732 57.363060
-3.713046 63.193690 -4.473114 62.115630
-3.925554 66.778030 -4.460117 61.934110
-4.099562 70.366360 -4.770975 66.864780
-4.323029 73.928460 -5.086913 71.654840
-4.525824 77.456260 -5.377372 76.271900
-4.726372 80.968850 -5.374764 76.238310
-4.944700 84.450320 -5.672217 80.856880
-5.155943 87.868120 -5.975152 85.493220
-5.329539 91.294920 -6.255058 90.011810
-5.470861 94.700890 -6.249857 89.862550
