0.000445 2.625299 0.000000 -0.000000
0.004158 6.581638 0.032728 2.085861
0.007728 10.569630 0.032728 2.085861
-0.001862 14.580480 -0.015148 10.595130
0.000483 18.634690 -0.067278 16.066470
-0.000765 22.705750 -0.086779 21.503180
-0.005061 26.820300 -0.086779 21.503180
0.007939 30.949840 -0.125642 26.986770
0.010173 35.110830 -0.148840 32.799480
0.016969 39.301560 -0.127448 38.247940
0.021344 43.518580 -0.127448 38.247940
0.034080 47.757040 -0.171976 44.009310
0.028958 52.028310 -0.181732 49.657960
0.016809 56.316600 -0.206603 55.467580
0.006524 60.603180 -0.206603 55.467580
-0.002874 64.871870 -0.275910 60.975250
-0.019364 69.115930 -0.342465 66.833570
-0.042147 73.339860 -0.375002 72.364890
-0.054585 77.540790 -0.375002 72.364890
-0.048832 81.710950 -0.424361 77.913000
-0.060720 85.865620 -0.463965 83.525470
-0.098132 90.006340 -0.514120 89.245820
-0.145460 94.103390 -0.514120 89.245820
-0.212031 98.165450 -0.554621 94.467950
-0.269402 102.205400 -0.630752 100.071100
-0.315395 106.220800 -0.672483 105.358300
-0.373776 110.244600 -0.672483 105.358300
-0.421968 114.228600 -0.738593 110.751200
-0.433415 118.227400 -0.774215 116.033300
-0.447293 122.268400 -0.784664 121.449800
-0.464133 126.337100 -0.784664 121.449800
-0.474280 130.407000 -0.769926 126.994900
-0.465103 134.461400 -0.735807 132.257900
-0.464572 138.512400 -0.704051 137.696300
-0.470457 142.562200 -0.704051 137.696300
-0.481393 146.601100 -0.674972 143.119200
-0.488799 150.648100 -0.657217 148.482800
-0.520340 154.684300 -0.669436 153.885100
-0.499605 158.731900 -0.669436 153.885100
-0.483652 162.778800 -0.634215 159.383000
-0.459926 166.839000 -0.628410 164.676300
-0.438972 170.919800 -0.615295 170.133000
-0.377930 175.029100 -0.615295 170.133000
-0.321404 179.160700 -0.609334 175.607700
-0.314056 183.309800 -0.612167 181.163100
-0.308728 187.498800 -0.638443 186.716500
-0.303004 191.712800 -0.638443 186.716500
-0.294530 195.959200 -0.689415 192.495600
-0.315003 200.224200 -0.656483 197.961800
-0.351843 204.532500 -0.707366 203.887200
-0.342198 208.867900 -0.707366 203.887200
-0.353316 213.245300 -0.705042 209.929500
-0.355981 217.661500 -0.709992 215.747600
-0.371188 222.105300 -0.750081 221.684900
-0.378771 226.569100 -0.750081 221.684900
-0.376609 231.045400 -0.795511 227.749100
-0.376469 235.539000 -0.809823 233.629000
-0.382906 240.060300 -0.860824 239.807300
-0.379639 244.602000 -0.860824 239.807300
-0.368389 249.168200 -0.903560 245.903200
-0.359890 253.757000 -0.938905 252.209100
-0.347449 258.361200 -0.928036 258.485300
-0.329134 262.973100 -0.928036 258.485300
-0.320818 267.598100 -0.946003 264.472100
-0.315594 272.218500 -0.956131 270.702600
-0.311421 276.853500 -0.953884 276.707500
-0.289754 281.495800 -0.953884 276.707500
-0.244730 286.145400 -0.930126 282.896000
-0.204525 290.810300 -0.890274 289.122700
-0.175311 295.500700 -0.869831 295.429300
-0.149830 300.236700 -0.869831 295.429300
-0.124580 305.009500 -0.880379 301.542200
-0.096500 309.818900 -0.838879 307.942100
-0.106523 314.668200 -0.837901 314.420200
-0.105842 319.552500 -0.837901 314.420200
-0.098831 324.439700 -0.858930 321.063900
-0.084970 329.324200 -0.835599 327.469200
-0.058449 334.189300 -0.815916 334.056900
-0.045480 339.021100 -0.815916 334.056900
-0.036810 343.852800 -0.794216 340.549600
-0.037072 348.655100 -0.842088 347.095700
-0.062771 353.446400 -0.917159 353.444600
-0.097300 358.221800 -0.917159 353.444600
-0.132221 362.989000 -0.973166 359.841600
-0.166861 367.781100 -1.030406 366.338800
-0.222998 372.615400 -1.083684 372.720100
-0.262588 377.387300 -1.083684 372.720100
-0.287793 382.220200 -1.134165 379.206700
-0.311017 387.067800 -1.208303 385.803200
-0.323800 391.935900 -1.230388 392.194000
