-0.093743 1.716275 0.000000 -0.000000
-0.234382 4.291335 -0.022176 2.080803
-0.374955 6.865477 -0.022176 2.080803
-0.515547 9.440275 -0.123461 6.044167
-0.656205 12.015410 -0.266065 9.384190
-0.799251 14.600260 -0.442249 12.857020
-0.960916 17.268960 -0.442249 12.857020
-1.118651 19.997220 -0.654717 16.459470
-1.280807 22.774320 -0.888715 20.158100
-1.436633 25.596940 -1.138947 23.916310
-1.586551 28.454660 -1.138947 23.916310
-1.728893 31.377650 -1.367203 27.759340
-1.870663 34.320210 -1.593883 31.641570
-2.061112 37.428500 -1.850728 35.569810
-2.256115 40.538550 -1.850728 35.569810
-2.465214 43.593020 -2.105309 39.493390
-2.661881 46.598030 -2.385416 43.499240
-2.871336 49.556000 -2.672528 47.458480
-3.065844 52.495010 -2.672528 47.458480
-3.248811 55.391780 -2.958161 51.334110
-3.438994 58.274000 -3.247145 55.223770
-3.641784 61.091250 -3.541765 59.012900
-3.843940 63.815190 -3.541765 59.012900
-4.046625 66.421630 -3.835472 62.545580
-4.244856 68.909940 -4.126586 65.935690
-4.445510 71.284370 -4.426268 69.088080
-4.644343 73.480650 -4.426268 69.088080
-4.837515 75.507440 -4.714008 71.953780
-4.985837 77.344090 -4.992027 74.576610
-5.133801 79.049530 -5.225942 76.882850
-5.208269 80.634550 -5.225942 76.882850
-5.236828 82.097010 -5.426841 79.994860
-5.105620 83.454540 -5.408724 81.350800
-4.817297 84.728690 -5.257230 82.606280
-4.336344 85.853730 -4.955970 83.824230
-3.656380 86.812100 -4.495857 84.780190
-2.817803 87.594010 -3.827914 85.702030
-1.847638 88.187990 -3.027100 86.419100
-0.811071 88.641590 -2.070622 87.050290
0.302092 88.930470 -1.098158 87.464250
1.434583 89.210560 -0.400910 87.707600
2.662750 89.372100 1.188500 88.082040
4.002128 89.520590 2.058408 88.231700
5.460049 89.603320 2.967979 88.354370
7.050381 89.654730 4.427060 88.487010
8.800912 89.701670 6.679852 88.627130
10.714580 89.719540 9.204201 88.738620
12.781900 89.727290 9.196878 88.727500
15.002600 89.776310 12.047340 88.823630
17.354730 89.883630 15.090280 88.953460
19.768190 90.033380 18.376320 89.157840
22.217350 90.182690 18.350660 89.166220
24.666600 90.317320 21.643910 89.416660
27.100090 90.457820 24.952920 89.654390
29.533440 90.568020 28.201170 89.864930
31.943240 90.604090 28.224210 89.889180
34.324240 90.562410 31.418770 90.021850
36.663630 90.442530 33.813500 90.030470
38.940490 90.251650 36.190600 89.983350
41.145740 90.002900 39.017400 89.761110
43.274630 89.723990 41.878310 89.504610
45.284970 89.460220 41.905200 89.499570
47.143970 89.244510 44.555110 89.222590
48.831470 89.126950 46.868820 89.003650
50.416700 89.148420 49.050630 88.918530
51.963840 89.335560 50.591640 89.007190
53.430560 89.750370 52.077660 89.275020
54.738890 90.388600 53.463310 89.780330
55.835930 91.271120 54.611530 90.513880
56.722440 92.356020 55.501880 91.361920
57.370050 93.610620 56.312900 92.497120
57.812420 94.981600 56.921770 93.764520
58.162240 96.402170 57.200280 94.634920
58.486940 97.888060 57.436420 95.511200
58.813990 99.460870 57.783480 97.016030
59.209760 101.110600 58.244900 99.202580
59.635460 102.888300 58.786020 101.586300
60.134240 104.754400 58.733430 101.535200
60.649730 106.692300 59.353030 104.071100
61.177220 108.760700 60.017340 106.738700
61.696270 110.929500 60.685040 109.596300
62.234170 113.189100 60.692210 109.640000
62.784830 115.564300 61.387370 112.710600
63.334630 118.012100 62.074950 115.872600
63.870330 120.502600 62.761490 119.155600
64.449810 123.021500 62.767650 119.185500
65.066290 125.571200 63.490860 122.510600
65.658090 128.120500 64.270490 125.973800
66.298360 130.557300 65.039480 129.311900
66.932080 133.060100 65.414890 130.950500
67.539460 135.459900 66.160730 134.229800
68.126590 137.872600 66.164240 134.226700
68.655350 140.266200 66.903070 137.478200
69.187890 142.659800 67.539270 140.726700
69.694160 145.028400 68.163030 143.902900
70.131500 147.439500 68.176060 143.856200
70.507970 149.819900 68.759930 147.058700
70.857030 152.237000 69.238280 150.237300
71.148280 154.664900 69.633220 153.521100
71.368370 157.136000 69.673240 153.637400
71.545650 159.601800 69.999500 156.950500
71.665010 162.054900 70.225740 160.335200
71.775400 164.563800 70.380450 163.628900
71.889120 167.018700 70.452480 166.172900
71.930660 169.517300 70.447550 166.093500
71.947120 172.037900 70.487500 169.390600
71.922420 174.551700 70.459050 171.919200
71.800480 177.110400 70.357550 175.246100
71.660010 179.631600 70.173960 178.434800
71.538190 182.214100 70.168210 178.552400
71.419630 184.762800 69.982160 181.950000
71.283990 187.333200 69.810800 184.583900
71.136850 189.856200 69.571080 188.055900
70.964250 192.373200 69.324520 191.417400
70.791150 194.863500 69.324520 191.417400
70.629110 197.195700 69.076790 194.755000
70.503800 199.315700 68.824960 197.907000
70.378520 201.434200 68.577490 200.904900
70.253080 203.554600 68.577490 200.904900
70.127680 205.673200 68.376850 203.580100
69.999050 207.797100 68.243050 206.162000
69.994640 209.740000 68.159170 208.791600
70.019510 211.649800 68.159170 208.791600
70.030310 213.601900 68.162620 211.243800
70.006440 215.556500 68.161990 213.888700
69.982810 217.578800 68.154270 216.536900
69.956510 219.646300 68.154270 216.536900
69.960540 221.624700 68.098450 219.240700
69.984300 223.672300 68.011060 222.063600
69.986070 225.713400 67.915950 224.889300
69.961180 227.773200 67.915950 224.889300
69.924290 229.792700 67.810010 227.682100
69.871450 231.769000 67.693970 230.456100
69.827100 233.650000 67.591130 233.020300
69.782790 235.365900 67.591130 233.020300
69.664050 236.931700 67.393970 236.388900
69.425420 238.441600 67.280070 237.435800
69.022170 239.831600 66.907210 239.251400
68.414950 241.092500 66.465260 240.549000
67.609370 242.161600 65.883370 241.641700
66.672910 243.070200 65.117850 242.608500
65.621050 243.784500 64.235220 243.390000
64.520420 244.320000 63.211950 244.054200
63.308500 244.683100 62.048160 244.523200
61.939660 244.884400 60.726830 244.832700
60.461500 244.953900 59.787520 244.961600
58.885590 244.928300 57.590450 245.026500
57.192410 244.850300 55.903510 244.952200
55.348170 244.770900 55.967360 244.943800
53.337730 244.675800 53.689890 244.793500
51.206680 244.461400 50.846130 244.621000
48.868140 244.284500 47.686060 244.439300
46.381860 244.141000 47.654740 244.432500
43.781980 244.016000 44.234380 244.241000
41.193420 243.884100 40.719400 244.083700
38.579040 243.742400 37.131820 243.916000
35.965320 243.663800 37.106100 243.916800
33.341940 243.540600 33.714040 243.695600
30.719810 243.392900 30.272400 243.460500
28.124530 243.284900 26.764330 243.207700
25.563090 243.208100 26.708070 243.189000
23.047250 243.114500 23.392410 242.977900
20.555360 243.017200 20.056690 242.780400
18.116450 242.898000 16.792820 242.598000
15.701470 242.742600 16.803640 242.595100
13.322600 242.536200 13.553500 242.354900
11.009120 242.295900 10.419580 242.060200
8.787789 242.069500 7.360324 241.719900
6.700094 241.864800 7.526185 241.725400
4.739786 241.695800 4.629238 241.409700
2.907815 241.566500 2.092655 241.168000
1.213038 241.449100 -0.201386 240.996400
-0.324785 241.378800 -0.078581 240.995300
-1.717128 241.330500 -2.104004 240.875900
-2.957329 241.317600 -3.855044 240.790000
-4.038108 241.337500 -5.465144 240.737200
-4.943153 241.365500 -5.448533 240.734600
-5.617740 241.399300 -6.652898 240.727200
-6.055183 241.428800 -7.398444 240.735800
-6.292219 241.448100 -7.683130 240.739400
-6.421901 241.458600 -7.571483 240.755600
-6.445881 241.456200 -7.688495 240.743700
-6.441162 241.459100 -7.688495 240.743700
-6.435232 241.473300 -7.669813 240.730600
-6.462353 241.493500 -7.780190 240.749100
-6.528339 241.506000 -7.820903 240.735800
-6.662736 241.512300 -7.988535 240.741200
-6.960563 241.530300 -8.250682 240.755400
-7.433982 241.575000 -8.291019 240.759100
-8.055734 241.661200 -9.313423 240.820300
-8.793327 241.820600 -9.788868 240.868700
-9.588231 242.097200 -10.844410 241.053700
-10.437130 242.485400 -11.663570 241.308200
-11.295880 243.047100 -12.592850 241.722100
-12.079170 243.810000 -13.529200 242.337100
-12.766450 244.770600 -14.304150 243.156200
-13.318280 245.979800 -14.937830 244.117500
-13.722350 247.381900 -15.547910 245.493900
-13.993610 248.989100 -15.973480 247.082800
-14.142370 250.776000 -16.202890 248.781800
-14.240360 252.724300 -16.397950 250.862900
-14.307120 254.816900 -16.373420 250.775400
-14.375760 257.054800 -16.518830 253.627000
-14.447320 259.440900 -16.608540 256.617200
-14.528740 261.943400 -16.735540 259.875800
-14.623060 264.585600 -16.757030 259.945300
-14.708690 267.323000 -16.911510 263.448800
-14.814240 270.161800 -17.056920 267.183600
-14.944000 273.125700 -17.279740 271.156300
-15.035340 276.155700 -17.274000 271.073800
-15.140940 279.245300 -17.483270 275.146100
-15.257430 282.397700 -17.686920 279.384900
-15.385880 285.555700 -17.914650 283.510300
-15.535620 288.750600 -17.898360 283.501700
-15.687360 291.914700 -18.150000 287.734900
-15.834860 295.036500 -18.453780 291.934000
-15.991060 298.139100 -18.771540 296.160600
-16.161930 301.216800 -18.768960 296.204300
-16.334330 304.293900 -19.037780 300.338000
-16.503430 307.356500 -19.308030 304.323300
-16.666320 310.429700 -19.589040 308.600300
-16.796270 313.525400 -19.585370 308.590600
-16.926910 316.656200 -19.858630 312.793900
-17.069050 319.831700 -20.103040 317.043900
-17.223680 323.045500 -20.369380 321.428100
-17.395860 326.294000 -20.346280 321.235600
-17.561630 329.524400 -20.605210 325.617400
-17.719010 332.731300 -20.835910 329.846200
-17.900430 335.939300 -21.078480 333.955800
-18.071960 339.098000 -21.114910 334.053500
-18.239730 342.181300 -21.352690 338.260500
-18.398210 345.184400 -21.588030 342.241200
-18.572480 348.105900 -21.851710 346.180200
-18.755060 350.925000 -21.854660 346.088800
-18.932310 353.619300 -22.108180 349.834200
-19.084440 356.172000 -22.373440 353.305800
-19.190840 358.544700 -22.602750 356.682700
-19.281520 360.709100 -22.568420 356.393300
-19.364880 362.648200 -22.734920 359.260300
-19.435380 364.404800 -22.875790 361.867000
-19.512930 365.946600 -23.000530 364.068500
-19.649890 367.322100 -23.099830 365.550700
-19.892230 368.628200 -23.200050 366.431100
-20.252090 369.891500 -23.518840 368.089100
-20.791750 371.054200 -23.879420 369.146500
-21.487330 372.119200 -24.368270 370.129800
-22.400060 373.113800 -25.103680 371.177300
-23.514160 373.922600 -26.115270 372.165300
-24.828720 374.589100 -27.336730 372.953200
-26.313780 374.997800 -28.693120 373.469600
-27.968970 375.108000 -30.318810 373.756500
-29.722230 374.986600 -32.094230 373.779500
-31.561500 374.788900 -33.213530 373.692000
-33.456030 374.582400 -35.122090 373.490600
-35.494020 374.385300 -37.837790 373.223400
-37.624260 374.163100 -37.759590 373.188300
-39.884590 373.957100 -40.695110 372.895000
-42.294220 373.767800 -43.865900 372.589700
-44.851270 373.618600 -47.261690 372.336600
-47.522840 373.490900 -47.256520 372.357700
-50.237360 373.372000 -50.734810 372.129700
-53.000110 373.257500 -54.384400 371.906500
-55.754610 373.127700 -58.072950 371.696900
-58.489490 372.995400 -58.125170 371.699800
-61.217110 372.854000 -61.789830 371.468700
-63.932820 372.668500 -65.404490 371.238400
-66.615190 372.470900 -68.992820 370.935000
-69.300010 372.271700 -68.946900 370.925600
-71.958490 372.083400 -72.559460 370.609000
-74.613120 371.927700 -76.053970 370.299800
-77.243790 371.817600 -79.556790 370.069600
-79.849740 371.735400 -79.618580 370.081700
-82.448730 371.697400 -83.206380 369.938400
-85.015590 371.704100 -86.531840 369.843400
-87.445480 371.725300 -89.804450 369.815800
-89.695430 371.748300 -89.958110 369.804800
-91.744210 371.753800 -92.942770 369.806400
-93.584570 371.721300 -95.482210 369.773200
-95.366880 371.645500 -97.882120 369.674900
-97.116000 371.527700 -97.889230 369.658800
-98.846360 371.389000 -100.090000 369.513400
-100.610100 371.211400 -102.513900 369.275700
-102.430900 371.005500 -104.949200 369.004700
-104.313400 370.788700 -104.922700 369.003800
-106.301400 370.553200 -107.520700 368.687600
-108.425900 370.299900 -110.214700 368.338000
-110.625300 370.063600 -113.171600 367.982600
-113.039100 369.849500 -114.682900 367.822200
-115.512500 369.657200 -117.929500 367.512400
-118.178300 369.455100 -117.961900 367.504600
-120.917600 369.337500 -121.536200 367.226400
-123.822000 369.268500 -124.330500 367.069700
-126.757300 369.228600 -127.233500 366.978400
-129.739200 369.205900 -131.242000 366.905200
-132.737000 369.161300 -135.267200 366.820500
-135.699500 369.131300 -135.249400 366.831200
-138.667900 369.063000 -139.200800 366.718300
-141.577800 368.942900 -143.264400 366.545700
-144.486000 368.839000 -147.164300 366.347500
-147.377400 368.709500 -147.198100 366.334900
-150.227800 368.540700 -151.067300 366.086800
-153.083900 368.367900 -154.824900 365.820500
-155.901600 368.175200 -158.578800 365.534600
-158.683500 367.984500 -158.719800 365.504600
-161.437100 367.820500 -162.375600 365.221000
-164.144900 367.670700 -166.103500 364.958800
-166.743400 367.524800 -169.620000 364.723500
-169.213800 367.384800 -169.505800 364.727100
-171.494900 367.269400 -172.722700 364.515700
-173.606900 367.160800 -175.639100 364.330000
-175.504300 367.028500 -178.238500 364.147100
-177.287900 366.876300 -178.203200 364.148500
-178.948300 366.700600 -180.600700 363.942900
-180.524500 366.392200 -183.256300 363.581600
-182.023400 365.894200 -184.775200 363.194400
-183.399200 365.191500 -186.255300 362.674300
-184.596000 364.244500 -187.513400 361.909800
-185.600000 363.065200 -188.619700 360.863000
-186.364600 361.651500 -189.568200 359.558400
-186.883600 360.051400 -190.227400 358.044000
-187.124700 358.297100 -190.579000 356.424700
-187.195500 356.419300 -190.729900 354.643300
-187.209700 354.465800 -190.760800 353.319100
-187.125200 352.422500 -190.777500 351.922100
-186.971000 350.260800 -190.690800 349.880000
-186.769900 347.985700 -190.469600 346.885600
-186.532900 345.585000 -190.180400 343.665800
-186.242200 343.095600 -190.185800 343.586000
-185.936900 340.495400 -189.805100 340.275700
-185.649900 337.789200 -189.396900 336.824400
-185.382600 335.019400 -188.998400 333.207900
-185.134200 332.220800 -188.989300 333.063400
-184.899500 329.439300 -188.611800 329.186700
-184.692700 326.641900 -188.278300 325.549400
-184.486100 323.835000 -187.993000 321.793100
-184.280300 321.000600 -187.979300 321.709800
-184.127700 318.141900 -187.719800 318.056600
-183.978900 315.260000 -187.498100 314.195600
-183.812400 312.407300 -187.271600 310.372400
-183.654200 309.562200 -187.264000 310.454600
-183.502700 306.737100 -187.007500 306.554600
-183.378600 303.927100 -186.790200 302.733700
-183.289500 301.144500 -186.596000 299.023800
-183.208700 298.368800 -186.601900 299.069500
-183.122800 295.601700 -186.411600 295.280200
-182.982000 292.843600 -186.233300 291.389000
-182.817100 290.034100 -185.982500 287.604500
-182.672600 287.222000 -185.980700 287.650000
-182.494800 284.346300 -185.722500 283.844500
-182.348800 281.464600 -185.435300 279.950000
-182.200300 278.528900 -185.199300 276.008400
-182.050900 275.608600 -185.192800 276.104200
-181.885100 272.670100 -184.973900 272.063400
-181.698600 269.743000 -184.739000 268.004200
-181.502400 266.785500 -184.470800 264.022300
-181.286200 263.816200 -184.468600 264.046900
-181.084300 260.859000 -184.143000 260.086000
-180.848300 257.824800 -183.800500 256.070200
-180.627500 254.849100 -183.448200 252.051700
-180.435400 251.890900 -183.446900 251.997800
-180.251400 248.947400 -183.128400 248.012300
-180.077100 246.059900 -182.837500 244.151600
-179.932000 243.222200 -182.574300 240.348500
-179.800900 240.508500 -182.590600 240.425000
-179.645000 237.914800 -182.371000 236.707800
-179.522100 235.417700 -182.144600 233.312500
-179.443500 233.048900 -181.975800 230.083000
-179.395200 230.845400 -181.993400 230.285000
-179.377000 228.830400 -181.892800 227.347000
-179.361600 227.009400 -181.841400 224.941400
-179.313800 225.382900 -181.771500 222.698200
-179.211800 223.965500 -181.672400 221.149400
-178.995500 222.642300 -181.509900 219.568400
-178.609800 221.398200 -181.249300 218.509200
-178.021500 220.277800 -180.812800 217.325900
-177.281700 219.190700 -180.175300 216.006300
-176.315400 218.205000 -179.362700 214.961000
-175.108000 217.339600 -178.287800 214.002500
-173.598300 216.631800 -176.877300 213.093800
-171.884200 216.128100 -175.203100 212.375800
-169.938900 215.824900 -173.494700 211.996500
-167.862500 215.670800 -172.247700 211.844800
-165.717900 215.599700 -170.862700 211.754100
-163.500900 215.552400 -168.775900 211.713000
-161.211900 215.524100 -165.840800 211.723400
-158.798300 215.506300 -162.641000 211.782500
-156.333400 215.474900 -162.641000 211.782500
-153.798000 215.521500 -159.325600 211.848700
-151.149500 215.545000 -155.869800 211.966200
-148.464800 215.609200 -152.306600 212.088800
-145.761200 215.721700 -152.306600 212.088800
-143.047300 215.845300 -148.665700 212.279500
-140.354300 216.015300 -145.110400 212.527900
-137.657100 216.247400 -141.465000 212.875600
-134.989700 216.485500 -141.465000 212.875600
-132.361200 216.725700 -137.883800 213.250400
-129.819900 216.954200 -134.398500 213.600900
-127.369200 217.130500 -131.079600 213.897100
-125.076000 217.289000 -131.079600 213.897100
-122.978300 217.394200 -128.079500 214.141800
-121.074700 217.452000 -125.356100 214.298100
-119.253800 217.487000 -122.931800 214.388500
-117.452800 217.501500 -122.931800 214.388500
-115.661000 217.500200 -120.497700 214.415100
-113.898200 217.530400 -118.071400 214.453300
-112.188000 217.587200 -116.385000 214.458400
-110.483800 217.777500 -114.068100 214.594900
-108.832700 218.145800 -112.386200 214.843400
-107.256300 218.728200 -110.782500 215.235700
-105.792600 219.476200 -109.216900 215.869700
-104.503500 220.453800 -107.809700 216.706000
-103.370900 221.616000 -106.705000 217.653000
-102.437600 222.932700 -105.691200 218.814100
-101.723700 224.345800 -104.971600 219.981500
-101.236600 225.851200 -104.356300 221.399400
-100.915700 227.438600 -103.919800 222.887100
-100.634700 229.003000 -103.574800 224.389400
-100.355700 230.520900 -103.538300 224.448000
-100.012200 231.987300 -103.128000 226.469300
-99.599560 233.386100 -102.575700 228.688100
-98.996290 234.559900 -102.128200 229.802300
-98.348550 235.540100 -101.591200 230.834200
-97.491420 236.281400 -100.881100 231.721200
-96.563560 236.781500 -100.090600 232.355100
-95.613480 237.212600 -99.211070 232.864000
-94.564720 237.578100 -98.180290 233.310700
-93.378270 237.826600 -97.390720 233.546100
-92.065800 238.037600 -95.592920 233.909700
-90.600520 238.207100 -94.664610 234.042800
-88.966180 238.333600 -93.059550 234.217000
-87.134840 238.488000 -90.658660 234.421400
-85.139540 238.614700 -90.628440 234.424900
-82.995990 238.713600 -87.963990 234.640400
-80.731250 238.835900 -85.026130 234.852200
-78.338900 238.957400 -81.897520 235.047800
-75.911080 239.102600 -81.930980 235.043600
-73.418340 239.247000 -78.544920 235.233200
-70.862210 239.411700 -75.165250 235.377300
-68.236450 239.513000 -71.662670 235.513900
-65.565890 239.621000 -71.722440 235.516000
-62.884820 239.754000 -68.128190 235.695700
-60.208980 239.903300 -64.530950 235.916700
-57.561130 240.056500 -61.040980 236.158500
-55.002920 240.208900 -61.092980 236.138300
-52.461970 240.385500 -57.702300 236.398100
-49.960260 240.516300 -54.243000 236.638000
-47.478300 240.661600 -50.966690 236.881200
-45.048220 240.827100 -50.851920 236.887000
-42.654540 241.018700 -47.682610 237.117000
-40.374760 241.236000 -44.541150 237.391600
-38.244120 241.461500 -41.633300 237.654800
-36.175260 241.674900 -41.578830 237.651500
-34.127460 241.881500 -38.733140 237.912900
-32.155730 242.064400 -36.106870 238.143900
-30.336300 242.239600 -33.595440 238.344200
-28.681680 242.373000 -33.525750 238.349700
-27.206340 242.453700 -31.349360 238.498200
-25.872110 242.479300 -29.410140 238.587400
-24.684510 242.456000 -27.780150 238.595500
-23.636810 242.368500 -26.810920 238.558300
-22.745080 242.231200 -26.023940 238.498400
-22.034710 242.112400 -25.239640 238.436400
-21.516180 241.984700 -24.708580 238.363600
-21.032600 241.835100 -24.245300 238.274200
-20.564160 241.692800 -23.722960 238.175000
-20.103750 241.524500 -23.451150 238.088800
-19.551220 241.265200 -22.671940 237.846900
-18.853050 240.845400 -21.920580 237.543800
-18.086130 240.258100 -21.156730 237.082500
-17.299030 239.465900 -20.281810 236.410100
-16.585650 238.455900 -19.413040 235.465700
-15.980300 237.181700 -18.699800 234.370200
-15.551690 235.705600 -18.098480 232.921000
-15.237130 233.988000 -17.662630 231.235100
-15.035830 232.048700 -17.467390 229.938000
-14.902940 229.921400 -17.199080 227.133900
-14.851830 227.595900 -17.208960 227.198600
-14.812860 225.100600 -17.093570 224.122700
-14.790540 222.430100 -17.007100 220.685000
-14.744020 219.600800 -16.901340 216.883400
-14.681160 216.624600 -16.904280 216.908300
-14.559980 213.519300 -16.793150 212.916100
-14.405260 210.299000 -16.589450 208.694000
-14.244290 206.985200 -16.356090 204.324400
-14.036400 203.614200 -16.333580 204.391200
-13.812700 200.191300 -16.027490 200.011900
-13.591500 196.732600 -15.695140 195.461100
-13.354210 193.229500 -15.360870 190.767900
-13.126070 189.690000 -15.355230 190.842500
-12.916990 186.094000 -15.031160 186.182000
-12.731900 182.450100 -14.732630 181.325500
-12.566930 178.745200 -14.423280 176.312900
-12.396050 174.987200 -14.424090 176.494000
-12.227520 171.178900 -14.165300 171.363500
-12.071480 167.326000 -13.936190 166.215700
-11.901920 163.431800 -13.653270 160.939400
-11.720260 159.530400 -13.667640 161.113400
-11.528050 155.601800 -13.410960 155.847600
-11.343440 151.642400 -13.133050 150.559800
-11.142960 147.689600 -12.783350 145.280400
-10.896520 143.749200 -12.797860 145.197600
-10.650260 139.827200 -12.480580 140.121200
-10.410780 135.927300 -12.155790 134.975600
-10.197030 132.060800 -11.803640 129.747200
-9.983675 128.271600 -11.818830 129.753300
-9.768507 124.586400 -11.488920 124.841500
-9.557928 121.055300 -11.165740 120.062200
-9.369618 117.693700 -10.900360 115.518500
-9.200535 114.472100 -10.885130 115.594200
-9.061229 111.449400 -10.652800 111.445100
-8.931383 108.631000 -10.437090 107.567400
-8.810192 106.036100 -10.268700 104.165000
-8.714586 103.666700 -10.269410 104.291100
-8.579986 101.489100 -10.113570 101.188200
-8.297513 99.529500 -9.784932 97.850650
-7.822238 97.787860 -9.444535 96.117180
-7.139675 96.220460 -8.922960 94.672950
-6.241788 94.829150 -8.197282 93.252120
-5.158326 93.620760 -7.283740 91.941000
-3.910527 92.633660 -6.223471 90.974750
-2.475933 91.875730 -4.971224 90.147840
-0.953585 91.376990 -3.620566 89.546800
0.610299 91.091770 -2.113427 89.155000
2.208440 90.915010 -0.687160 88.976910
3.858709 90.805900 0.410330 88.891850
5.610331 90.710490 2.698755 88.809840
7.446192 90.618500 2.698755 88.809840
9.399524 90.501180 5.190706 88.761160
11.479730 90.400480 7.849889 88.717980
13.711860 90.309310 10.778850 88.673870
16.085620 90.296110 10.778850 88.673870
18.596670 90.402150 13.921730 88.710170
21.177450 90.596610 16.547560 88.828060
23.779620 90.826670 20.075960 89.118020
26.353250 91.014620 23.557830 89.409970
28.915710 91.120230 26.254300 89.568290
31.447940 91.111230 28.834200 89.669860
33.964420 90.997740 31.263520 89.611340
36.481320 90.800320 31.263520 89.611340
39.031160 90.580100 34.624790 89.414740
41.656720 90.362430 38.038500 89.194100
44.342960 90.161050 41.528940 88.958670
47.042730 89.971080 41.528940 88.958670
49.732130 89.736970 45.176070 88.766570
52.379280 89.354210 49.642260 88.355130
54.968500 88.786820 51.311070 88.078610
57.486950 88.064510 54.712910 87.325780
59.967010 87.222230 56.362340 86.852980
62.489200 86.306720 58.880590 86.037910
64.987970 85.371870 62.280870 84.845380
67.548010 84.410830 62.280870 84.845380
70.135210 83.400150 65.675380 83.630150
72.720960 82.281930 69.215850 82.278110
75.294640 81.026180 70.983950 81.550710
77.934750 79.678800 73.660610 80.304460
80.595120 78.300090 77.184280 78.537170
83.237810 76.927920 80.798790 76.744260
85.840430 75.538820 80.766590 76.743260
88.369180 74.062970 84.278230 74.929300
90.792620 72.508150 88.389490 72.495180
93.104350 70.855730 89.992910 71.450360
95.308540 69.114830 91.468360 70.413920
97.416180 67.330560 93.665560 68.763220
99.451290 65.590790 96.514970 66.453270
101.380500 63.966620 99.129750 64.295140
103.192500 62.514710 99.059670 64.323480
104.866600 61.221030 101.470700 62.435410
106.472000 59.956760 103.563500 60.837600
108.065900 58.674990 105.805400 59.131820
109.621000 57.400470 105.821500 59.125750
111.184000 56.090510 107.915200 57.458630
112.797400 54.718930 110.046700 55.703370
114.495000 53.301690 112.264700 53.873690
116.281700 51.901960 112.343500 53.818250
118.184900 50.515520 114.737400 51.936770
120.173200 49.100540 117.337700 50.047030
122.242200 47.599320 120.095000 48.060250
124.364600 46.028410 120.102700 48.059650
126.576200 44.378130 123.034900 45.968030
128.856800 42.670770 126.042700 43.775750
131.194400 40.922780 129.114600 41.501550
133.518000 39.194000 129.084100 41.526280
135.848000 37.430390 132.264700 39.188420
138.166000 35.691480 135.169400 37.078770
140.513900 34.021560 138.341900 34.824240
142.832700 32.348190 138.349900 34.815160
145.118800 30.675490 141.454100 32.601570
147.378500 28.982770 144.537600 30.357840
149.616700 27.299000 147.562500 28.139990
151.798300 25.672770 147.598400 28.109220
153.870900 24.103060 150.491600 25.998120
155.795100 22.599360 153.158000 24.053030
157.567100 21.175120 155.019900 22.635280
159.120100 19.881740 157.317600 20.848280
160.555500 18.690110 158.755900 19.710690
162.010800 17.662520 160.236900 18.625630
163.579600 16.891220 161.649700 17.818710
165.181700 16.359800 163.259800 17.155780
166.884400 16.039170 164.949900 16.716900
168.667400 15.922110 166.644800 16.481650
170.525800 15.941800 167.832100 16.422210
172.440200 15.971130 169.739300 16.392580
174.444000 15.959010 172.345500 16.381180
176.477000 15.903350 172.423500 16.381470
178.585300 15.796770 175.205800 16.316390
180.750600 15.659270 178.026400 16.179250
182.953800 15.464370 180.994100 15.980820
185.219000 15.302340 180.949000 15.982740
187.511200 15.130490 183.980500 15.752880
189.813900 14.959210 187.102600 15.550940
192.113700 14.776240 190.191900 15.351270
194.461000 14.578040 190.207100 15.346600
196.830900 14.362970 193.417000 15.126270
199.263300 14.116070 196.677000 14.870760
201.755200 13.869800 199.997100 14.589420
204.262600 13.617820 199.885500 14.597380
206.796000 13.389100 203.209800 14.305720
209.305700 13.173480 206.525900 14.045530
211.854500 12.979730 209.920100 13.807770
214.376000 12.800540 209.946000 13.820390
216.944700 12.587920 213.373000 13.582350
219.523300 12.357330 216.807500 13.326620
222.151900 12.137010 220.325400 13.073880
224.809100 11.944950 220.180000 13.083280
227.484300 11.736780 223.780600 12.830340
230.174800 11.491230 227.426900 12.567560
232.863400 11.232370 231.015900 12.291830
235.563700 10.991120 231.022800 12.268370
238.224400 10.719920 234.598300 11.974220
240.885600 10.467360 238.239800 11.657550
243.500800 10.248770 241.771100 11.350030
246.090800 10.042910 241.759800 11.368510
248.655600 9.850928 245.258800 11.113070
251.153900 9.672126 248.673100 10.884780
253.551400 9.508367 251.964000 10.680930
255.833600 9.349230 251.855800 10.701170
257.979200 9.197519 254.818000 10.537930
259.925700 8.975124 257.707300 10.361920
261.610100 8.662332 260.315000 10.155710
263.292600 8.350028 262.167100 9.934737
264.972800 8.038313 263.938000 9.664775
266.652900 7.726849 265.548100 9.366849
268.329600 7.415961 265.548100 9.366849
269.438900 7.121329 267.268600 8.969229
270.377700 6.915676 268.594500 8.655430
271.180200 6.803106 269.444900 8.475816
271.947400 6.781844 270.487100 8.329225
272.708500 6.863175 271.182600 8.310421
273.448300 7.056585 271.882600 8.357893
274.160100 7.353067 272.658100 8.514727
274.935400 7.808509 273.533500 8.844456
275.651000 8.694219 274.266400 9.325222
276.215400 9.977662 275.025800 10.028820
276.761000 11.251270 275.626500 10.890230
277.289300 12.511500 276.240100 12.151440
277.801400 13.754730 276.811500 13.734860
278.292200 14.983130 277.112700 14.848080
278.599900 16.875040 277.599700 17.371680
278.816600 18.943450 277.777700 18.781900
279.006400 21.212700 277.900200 20.223750
279.118800 23.659890 278.104200 23.528790
279.256900 26.256370 278.259000 26.999070
279.430000 28.981770 278.259000 26.999070
279.623300 31.776040 278.431800 30.611060
279.815000 34.640650 278.652200 34.352000
280.047600 37.595490 278.929300 38.183990
280.271300 40.561180 278.929300 38.183990
280.485600 43.591550 279.212200 42.217370
280.691200 46.638240 279.505500 46.315760
280.894200 49.698950 279.766300 50.348090
281.109600 52.745410 279.766300 50.348090
281.323700 55.822110 280.037900 54.500430
281.535500 58.894460 280.314700 58.516110
281.790400 61.973850 280.611400 62.532300
282.088900 65.030150 280.611400 62.532300
282.317100 68.123450 280.953800 66.650200
282.523800 71.175790 281.231800 70.708760
282.680600 74.245110 281.479700 74.801910
282.864900 77.282640 281.479700 74.801910
283.098500 80.325530 281.720400 78.881000
283.357100 83.339010 281.993500 82.986590
283.604700 86.365770 282.275000 87.046050
283.852400 89.345300 282.275000 87.046050
284.129800 92.361340 282.565100 90.946850
284.430300 95.340960 282.922500 94.895060
284.793000 98.335460 283.339500 98.789460
285.237200 101.285500 283.339500 98.789460
285.688600 104.203600 283.870000 102.771100
286.157800 107.095500 284.458600 106.607300
286.641700 109.957100 285.052800 110.411600
287.077000 112.802800 285.052800 110.411600
287.491000 115.592900 285.619900 114.188600
287.920600 118.337900 286.093000 117.749200
288.317100 120.935900 286.567700 121.352800
288.710200 123.463200 286.567700 121.352800
289.134900 125.865300 287.053000 124.803000
289.590600 128.118300 287.567500 127.969400
290.058800 130.182800 287.973700 130.077600
290.523700 132.039000 288.404900 132.034800
291.010300 133.731900 288.997600 134.378900
291.438700 135.309900 288.980500 134.326500
291.855800 136.891800 289.552500 136.526600
292.123900 138.490000 290.163800 139.153300
292.239500 140.068500 290.381900 140.769900
292.127600 141.676900 290.358500 142.295400
291.029500 143.108800 290.132800 143.918700
289.928700 144.505800 289.636400 145.485700
288.831900 145.870700 288.885000 146.828500
287.745100 147.203900 287.722200 148.310200
286.674200 148.508400 286.325800 149.535200
285.218400 149.615700 284.575000 150.666200
283.264400 150.526800 283.408900 151.253000
281.243600 151.472100 280.780200 152.545300
279.142200 152.489200 280.705300 152.567100
276.943000 153.583500 277.836300 153.993700
274.640200 154.780100 274.858800 155.486800
272.241200 156.074700 271.709600 157.135500
269.752700 157.422000 271.727700 157.119400
267.236600 158.807600 268.392000 158.876700
264.684300 160.222400 265.027500 160.712800
262.160600 161.709300 261.689200 162.616600
259.725100 163.293400 259.117800 164.198000
257.349900 164.952800 256.710700 165.800000
255.011000 166.651500 256.799000 165.748500
252.619500 168.351100 253.605200 167.999000
250.164300 170.018200 250.345700 170.240600
247.682300 171.635900 247.043000 172.384200
245.126300 173.224000 244.480300 173.924900
242.548800 174.722000 244.443100 173.951500
239.945500 176.172300 240.970300 175.925400
237.309700 177.571800 237.465800 177.807500
234.693200 178.932100 233.938600 179.630500
232.104300 180.305600 233.902900 179.658400
229.551600 181.658600 230.488700 181.424500
227.043200 183.024800 227.110900 183.202100
224.579500 184.376400 223.808300 184.965100
222.160200 185.672600 223.802600 184.988400
219.814700 186.944300 220.584300 186.680200
217.579200 188.137300 217.500900 188.310000
215.410800 189.259700 214.584500 189.790000
213.403600 190.277900 214.642100 189.765500
211.527100 191.221900 212.025800 191.073900
209.817600 192.095800 209.615400 192.271800
208.297700 192.868100 207.562600 193.297200
206.968200 193.578400 207.539400 193.302300
205.865300 194.206200 205.724300 194.232700
204.973800 194.747600 204.359200 194.969700
204.316300 195.181100 203.626400 195.388100
203.737400 195.602300 202.981300 195.783500
203.210200 196.105800 202.414400 196.162500
202.696800 196.620600 201.630200 196.717700
202.144200 197.133000 201.691100 196.682100
201.473700 197.759400 200.763800 197.361600
200.573200 198.528800 199.868300 198.142600
199.482000 199.428500 198.444200 199.311000
198.198700 200.446700 197.116000 200.344800
196.761100 201.508800 195.714700 201.416000
195.184900 202.599000 194.146000 202.511700
193.288100 203.734200 192.407200 203.635700
191.283500 204.885300 190.532300 204.762400
189.279000 206.036300 190.534000 204.754400
187.275300 207.186700 187.881600 206.258100
185.272600 208.336500 185.078100 207.809900
183.204100 209.508400 182.122000 209.422600
180.929900 210.774300 182.096200 209.428900
178.619300 212.048100 179.047300 211.117100
176.321500 213.330200 175.932100 212.821200
174.024500 214.608700 172.875000 214.494300
171.754700 215.878900 172.913000 214.473100
169.515300 217.138500 169.848800 216.147400
167.327500 218.336000 166.874000 217.775300
165.285500 219.466500 164.143800 219.247300
163.394800 220.485400 164.122600 219.261000
161.653300 221.359700 161.707400 220.537600
160.045000 222.107800 159.495900 221.631300
158.407800 222.712800 157.355100 222.560300
156.741800 223.119400 155.615100 223.129100
155.079700 223.337300 153.887400 223.475300
153.375200 223.375200 152.160800 223.627200
151.587600 223.291200 151.026200 223.620500
149.703300 223.122300 149.745400 223.571300
147.697400 222.947800 147.094200 223.385700
145.559400 222.768000 144.197000 223.127100
143.255100 222.576300 144.229300 223.143500
140.825300 222.367500 140.995300 222.868400
138.238300 222.212600 137.738600 222.617900
135.505900 222.075700 134.098400 222.419500
132.663600 221.969500 134.068900 222.408600
129.720900 221.858000 130.235300 222.234400
126.663200 221.699300 126.162900 222.067800
123.629900 221.554900 122.063500 221.892100
120.566400 221.374500 122.112200 221.882400
117.510800 221.171400 117.958100 221.659400
114.517900 220.968300 114.008800 221.401600
111.525900 220.772200 110.004800 221.150200
108.601100 220.585800 110.022900 221.149000
105.691500 220.424200 106.066800 220.904700
102.797100 220.263800 102.163800 220.668400
99.942900 220.117000 98.301510 220.481000
97.108700 219.956700 98.294890 220.481300
94.343720 219.761900 94.432910 220.261600
91.704060 219.564100 90.830870 220.039700
89.187440 219.382600 87.449970 219.781400
86.853370 219.207900 87.417790 219.784400
84.722070 219.078600 84.303370 219.531400
82.768890 219.013700 81.553230 219.331300
80.972640 219.075500 79.103970 219.265500
79.229300 219.254500 77.368300 219.375200
77.556090 219.622800 75.687680 219.634200
75.960560 220.193700 73.975400 220.071100
74.503440 221.032800 72.394370 220.742300
73.247040 222.197000 71.045910 221.686600
72.168900 223.540300 69.941180 222.820000
71.281570 225.143300 68.877400 224.270900
70.601490 226.926700 68.046950 225.943100
70.127700 228.840900 67.412740 227.867200
69.878300 230.896400 67.166200 229.162300
69.713240 233.064700 66.841470 232.062300
69.624990 235.277300 66.713120 234.355900
69.560920 237.559500 66.722860 234.323700
69.520270 239.919800 66.618600 237.474400
69.480170 242.355500 66.516200 240.611400
69.422430 244.904300 66.403550 244.000000
69.286960 247.537300 66.383930 244.060900
69.141070 250.228700 66.202560 247.545700
68.999880 253.025600 66.015430 251.240000
68.856910 255.930900 65.816490 255.072700
68.703600 258.907800 65.810010 255.042100
68.517870 262.029500 65.622400 259.151700
68.350620 265.186400 65.431330 263.263600
68.163940 268.396000 65.228660 267.514100
67.965540 271.613500 65.200880 267.571200
67.785340 274.806600 64.938800 271.975400
67.592920 277.988600 64.688600 276.344700
67.386620 281.166500 64.424960 280.571700
67.179990 284.300900 64.426150 280.575900
66.973690 287.456300 64.162140 284.784900
66.759970 290.605100 63.921420 288.893900
66.549740 293.741800 63.685240 293.104500
66.346760 296.850700 63.684220 292.984200
66.146280 299.919800 63.451110 297.056800
65.909190 302.991000 63.204640 300.967700
65.661260 306.016700 62.901300 304.981900
65.383130 309.038800 62.907100 305.020200
65.047660 312.028400 62.562410 308.974500
64.674680 315.008300 62.145910 312.986100
64.241860 317.963200 61.652210 316.914700
63.806810 320.916600 61.645080 316.910800
63.420100 323.896000 61.100720 320.859800
63.075590 326.901600 60.619920 324.847300
62.777190 329.896600 60.221530 328.829200
62.594940 332.932100 60.223560 328.806600
62.454760 335.950600 59.922410 332.760600
62.310500 338.994000 59.652790 336.928500
62.164400 342.041400 59.452180 340.959000
62.032770 345.031500 59.434560 341.046000
61.912010 348.006900 59.239210 345.067200
61.789860 350.918300 59.048830 349.101700
61.707910 353.706100 58.889430 352.848300
61.613990 356.391400 58.892020 352.717300
61.552410 358.953500 58.754850 356.238000
61.565970 361.378700 58.692700 359.559300
61.590200 363.597500 58.703330 362.582600
61.625890 365.650000 58.692300 362.566500
61.641400 367.672700 58.728430 365.351400
61.643910 369.692400 58.737560 368.082000
61.558330 371.675600 58.698330 370.075300
61.361890 373.698200 58.525150 372.709100
61.080590 375.805500 58.274610 374.759500
60.745070 378.022000 58.270190 374.808600
60.413740 380.393600 57.830900 377.798500
60.147400 382.875100 57.389810 381.099800
59.937190 385.515500 57.112850 383.655200
59.814310 388.251900 56.899280 386.428100
59.766100 391.128100 56.751180 390.226500
59.764420 394.096900 56.763980 390.239400
59.747220 397.211000 56.701930 394.229000
59.696040 400.418200 56.616140 398.438800
59.615900 403.624200 56.516710 402.694300
59.476640 406.849000 56.505160 402.839900
59.320890 410.042500 56.303630 407.230300
59.145110 413.205600 56.059170 411.514300
58.968930 416.364600 55.806730 415.770100
58.806860 419.496400 55.815070 415.713100
58.627840 422.584600 55.584560 419.823200
58.480820 425.636500 55.354960 423.890000
58.342980 428.577300 55.149990 427.861000
58.179110 431.377400 55.143680 427.789500
57.995810 434.043700 54.955330 431.523700
57.753920 436.572100 54.695750 434.991800
57.470620 438.947800 54.359240 438.232100
57.148870 441.181700 54.369910 438.075300
56.787470 443.237900 53.975740 441.019500
56.419550 445.075600 53.527060 443.610500
56.186420 446.732100 53.224870 445.320600
56.373540 448.149300 53.002280 447.375900
57.096360 449.280500 53.052870 448.908800
57.797660 450.368100 53.357280 450.238500
58.469280 451.417300 53.909610 451.461000
59.099960 452.419000 54.633840 452.289300
59.693890 453.395700 55.549980 453.013600
60.829550 453.823400 56.460580 453.496700
62.117600 454.031500 57.731740 453.919100
63.555790 454.181300 59.113550 454.136600
65.165260 454.224000 60.029800 454.196000
66.918750 454.288600 62.384770 454.306200
68.815140 454.380000 62.384770 454.306200
70.861760 454.481400 64.871710 454.398000
73.024940 454.593700 67.751260 454.558400
75.355670 454.739600 70.843310 454.761400
77.804190 454.892700 70.843310 454.761400
80.358960 455.052400 74.109740 454.987600
83.002440 455.239300 77.587540 455.236500
85.770950 455.413200 81.206670 455.494700
88.576960 455.537100 81.206670 455.494700
91.445490 455.682100 85.033410 455.702600
94.360010 455.843500 88.874750 455.939900
97.273730 456.002300 92.757020 456.170600
100.205200 456.167400 92.757020 456.170600
103.127500 456.340300 96.654200 456.414200
106.027500 456.485500 100.685200 456.661900
108.937600 456.607600 104.606700 456.867500
111.801100 456.761000 104.606700 456.867500
114.663200 456.917400 108.286000 457.059800
117.476100 457.050500 112.086500 457.267800
120.235700 457.204700 115.690500 457.473000
122.966100 457.385600 115.690500 457.473000
125.683400 457.589900 119.277300 457.713700
128.360800 457.860800 122.949100 458.007200
130.996800 458.220100 125.562400 458.318200
133.617900 458.652700 128.169600 458.707700
136.184300 459.149000 131.639700 459.328300
138.747700 459.707800 131.594200 459.322600
141.245600 460.326800 134.976100 460.026200
143.730000 461.004600 137.469000 460.645000
146.138800 461.754900 140.111600 461.361200
148.533300 462.601100 143.333600 462.408600
150.875400 463.493900 146.488800 463.536000
153.185400 464.427100 146.488800 463.536000
155.466500 465.389800 149.677000 464.777000
157.706600 466.401400 152.658300 466.078600
159.890600 467.475000 154.818800 467.105900
162.026600 468.596800 157.688300 468.563000
164.086300 469.739700 159.865500 469.743400
166.113000 470.938000 161.821000 470.912100
168.030000 472.130000 161.913300 470.940000
169.790400 473.311900 164.442700 472.543400
171.405900 474.441600 166.774700 474.130800
172.855100 475.469200 168.691300 475.518300
174.154100 476.359800 168.736000 475.549500
175.306100 477.078500 171.175000 477.227700
176.328600 477.623500 171.770300 477.575300
177.349500 478.091100 173.238500 478.351100
178.418800 478.406500 174.174700 478.712300
179.483300 478.557800 175.221400 479.009700
180.532000 478.545600 176.247000 479.151800
181.664800 478.384600 177.408400 479.161600
182.853600 478.068600 178.633700 479.015900
184.062500 477.505100 179.933600 478.596700
185.324000 476.651900 181.263100 477.894100
186.626300 475.461000 182.591400 476.847200
188.001900 474.001700 184.037900 475.440900
189.455200 472.316500 185.050400 474.340200
190.983500 470.404200 186.585400 472.567300
192.628300 468.328400 188.754500 469.875100
194.407600 466.101300 188.842500 469.771000
196.244800 463.736100 191.258700 466.729000
198.105400 461.325800 193.651900 463.674300
199.985200 458.920500 196.130200 460.429900
201.876600 456.527900 196.146700 460.413600
203.779600 454.144500 198.735900 457.186500
205.684800 451.785300 201.222600 454.107800
207.587600 449.439600 203.702800 451.134400
209.486400 447.113900 203.668700 451.150100
211.359400 444.786300 206.219300 448.025500
213.214900 442.474200 208.743400 444.950600
215.069500 440.180800 211.202500 441.921400
216.924900 437.908400 211.209700 441.888800
218.830200 435.603200 213.731900 438.849700
220.784100 433.242000 216.176300 435.930900
222.789700 430.840100 219.039400 432.538500
224.813600 428.408200 218.926000 432.659600
226.833500 425.995400 221.665600 429.384600
228.852900 423.583200 224.341500 426.203000
230.871600 421.171900 227.091700 422.962800
232.891600 418.759100 227.028700 423.032600
234.910900 416.347200 229.755600 419.868000
236.823000 414.107800 232.354400 416.848800
238.394100 412.113700 234.775400 413.989500
239.552300 410.295700 234.746400 414.042300
240.709400 408.481300 236.891800 411.449000
241.865700 406.670700 238.915500 408.709200
243.022600 404.863700 239.873500 407.088300
243.966000 403.113100 240.466900 405.550600
244.092200 401.451800 240.840200 403.814100
243.761300 399.751700 240.700400 402.569100
243.150200 398.275400 240.318500 401.178500
242.226700 396.884600 239.619500 399.742800
241.061000 395.599800 238.610100 398.309200
239.705900 394.403400 237.427500 397.141400
238.175300 393.294500 235.883800 395.850500
236.419400 392.300600 234.168600 394.720800
234.459400 391.403600 232.890000 394.033200
232.296800 390.642000 230.052800 392.829400
229.928300 389.982900 228.515900 392.314000
227.393300 389.389600 225.187400 391.411300
224.668900 388.898300 223.380300 391.005400
221.793400 388.499000 220.542300 390.521300
218.753000 388.110100 216.477100 389.964700
215.598900 387.729100 216.481400 389.960200
212.374300 387.364600 212.223700 389.432000
209.090300 387.016800 207.869400 388.935900
205.769200 386.697400 203.368500 388.498500
202.412600 386.399000 203.521300 388.513500
199.045700 386.119600 199.021300 388.115200
195.673600 385.866600 194.414600 387.732000
192.318400 385.628000 189.963000 387.418300
188.992700 385.419600 189.974700 387.425600
185.689500 385.243800 185.531800 387.134500
182.429100 385.082400 181.200200 386.899100
179.191400 384.930500 176.845900 386.637900
175.998400 384.780500 176.877000 386.639800
172.833800 384.646900 172.568600 386.382600
169.703100 384.518800 168.261200 386.165000
166.621100 384.405900 163.975500 385.910700
163.623500 384.321500 164.153100 385.928000
160.758900 384.263600 160.167900 385.747300
158.068600 384.244300 156.576300 385.655000
155.559000 384.244400 153.119200 385.565800
153.212500 384.204900 153.253700 385.582100
151.033700 384.091400 150.152200 385.498600
149.059400 383.872700 146.748800 385.241000
147.360800 383.500700 145.112400 384.964700
145.917000 382.883100 143.584700 384.524000
144.682600 382.019000 142.267000 383.865000
143.726400 380.925400 141.224900 382.939900
143.040100 379.649600 140.450500 381.860800
142.611000 378.230900 139.876700 380.600500
142.361800 376.682500 139.455600 379.058000
142.230400 374.988900 139.248700 377.453400
142.149700 373.190200 139.155900 376.353400
142.129800 371.279100 139.076400 374.438600
142.119000 369.215000 139.048200 371.716200
142.117500 367.008300 139.058600 371.845200
142.176700 364.637300 139.068900 368.786200
142.269700 362.110400 139.159600 365.504800
142.373000 359.411700 139.319700 361.915300
142.526800 356.549700 139.318900 361.936500
142.692500 353.551700 139.531600 358.139300
142.835600 350.477000 139.777800 354.071800
143.009300 347.339000 140.019200 349.925500
143.169400 344.158300 140.029800 349.862200
143.356400 340.955400 140.263800 345.642900
143.556100 337.763600 140.554800 341.305100
143.732800 334.563700 140.841200 337.044700
143.935400 331.393800 140.841200 337.099500
144.158000 328.197900 141.095200 332.909600
144.356600 324.983500 141.339500 328.618100
144.534000 321.695300 141.587600 324.252600
144.698000 318.364400 141.598200 324.286900
144.878900 314.970200 141.829400 319.814200
145.081700 311.522000 142.054200 315.494600
145.301800 308.031600 142.311100 310.906500
145.503800 304.508000 142.324800 310.715600
145.708200 300.964000 142.569600 305.986300
145.923800 297.408500 142.820300 301.267900
146.152500 293.882800 143.089300 296.542500
146.390400 290.389700 143.091900 296.518300
146.613600 286.900400 143.387300 291.898900
146.826100 283.435200 143.687600 287.322600
147.033100 279.993600 143.970400 282.697000
147.244600 276.532600 143.990700 282.595000
147.422700 273.125800 144.250900 278.187200
147.582500 269.770200 144.501500 273.521200
147.765000 266.399500 144.748000 269.075900
147.954700 263.099000 144.752400 269.044200
148.136400 259.853200 145.005100 264.645800
148.303900 256.631500 145.225300 260.548200
148.483600 253.495400 145.419600 256.316300
148.645900 250.505500 145.423300 256.306900
148.802900 247.619800 145.647800 252.281200
148.957100 244.924000 145.870700 248.530300
149.120900 242.376200 146.095200 245.110200
149.300100 239.994300 146.104700 245.025300
149.468000 237.816200 146.314500 241.933300
149.628100 235.849500 146.513700 239.354500
149.788500 234.085500 146.717900 236.935900
149.888300 232.499000 146.723600 236.846700
149.886700 231.066100 146.911600 233.889300
149.728600 229.773800 146.844000 232.569500
149.399000 228.552100 146.658400 231.281100
148.906200 227.392400 146.317700 230.217700
148.257000 226.334800 145.826300 229.066500
147.397200 225.347400 145.130700 227.959500
146.332100 224.463300 144.192200 226.895900
145.054700 223.731900 143.111500 226.055200
143.556900 223.139100 141.706400 225.279600
141.904100 222.690300 140.220900 224.709500
140.095400 222.406000 139.064000 224.401100
138.122500 222.217700 136.583700 223.985200
135.967800 222.085700 134.402200 223.764400
133.621000 221.981100 134.409700 223.757200
131.136500 221.929900 131.256200 223.538100
128.449800 221.891200 127.838100 223.408300
125.589200 221.860300 124.074200 223.252500
122.658800 221.839300 124.019700 223.252900
119.664900 221.789800 120.083500 223.117000
116.644100 221.711700 115.896600 222.963500
113.625600 221.625200 112.093800 222.746400
110.649400 221.433200 111.899100 222.750000
107.726500 221.225500 107.902100 222.504400
104.789800 221.038600 104.156000 222.227900
101.892600 220.868000 100.280900 221.967600
99.026160 220.712600 100.316900 221.969700
96.193030 220.537100 96.475990 221.754300
93.396190 220.385800 92.895790 221.551100
90.728710 220.262100 89.277420 221.315600
88.234040 220.149200 89.310340 221.304900
85.997980 219.985500 86.061150 221.106100
84.015240 219.854900 83.219120 220.946500
82.322020 219.740900 80.824960 220.799800
80.851380 219.691700 80.795650 220.792200
79.466870 219.724100 77.901320 220.759900
78.094210 219.912400 76.563330 220.832800
76.794600 220.239500 75.192910 221.051300
75.546160 220.757700 73.913920 221.408800
74.382630 221.428600 72.651780 221.927400
73.268960 222.354700 71.544170 222.645000
72.271920 223.460600 70.494830 223.539300
71.423800 224.790900 69.524710 224.643100
70.764820 226.271900 68.735940 225.927100
70.238320 227.726300 68.085900 227.332400
69.877040 229.218200 67.627440 228.790900
69.661770 230.754000 67.389280 229.838000
69.533100 232.343200 67.114430 231.963000
69.443340 233.967200 67.015340 233.506900
69.378840 235.601500 67.012900 233.516200
69.230100 237.232000 66.896000 235.655800
68.978710 238.847800 66.629140 238.301900
68.575100 240.383400 66.325320 239.858500
67.988300 241.693300 65.862080 241.202600
67.125370 242.831100 65.191890 242.488400
66.086350 243.807300 64.314250 243.650200
64.869540 244.556500 63.248430 244.533000
63.555630 245.119600 62.028750 245.196600
62.083690 245.413500 60.597280 245.678600
60.547830 245.534100 59.084950 245.918600
58.935830 245.520200 57.481280 245.987500
57.176410 245.424300 55.739610 245.964400
55.257350 245.305300 55.976530 245.938800
53.159480 245.201200 53.399860 245.844500
50.886640 245.111400 50.368570 245.727600
48.434380 245.035100 47.324680 245.623600
45.820140 244.963800 47.251170 245.603200
43.069320 244.864300 43.738480 245.463500
40.172070 244.723800 39.881960 245.298200
37.102630 244.568400 35.789780 245.073300
33.924070 244.386000 35.817600 245.063900
30.676330 244.183900 31.557570 244.807700
27.438540 243.994200 27.227380 244.553100
24.208570 243.837400 22.963510 244.311900
20.993490 243.649100 23.032700 244.310500
17.816250 243.415700 18.741820 244.057800
14.692700 243.167700 14.399100 243.752700
11.645960 242.907900 10.335330 243.408100
8.749169 242.642400 10.298120 243.417800
6.011306 242.398200 6.462140 243.106100
3.474518 242.182200 3.068108 242.807300
1.168286 241.992600 -0.016806 242.561000
-0.898771 241.821000 -0.125378 242.555900
-2.696521 241.698400 -2.833602 242.329900
-4.190561 241.640100 -4.934933 242.186000
-5.386511 241.629500 -6.671937 242.127500
-6.326933 241.660000 -7.500194 242.118900
-7.082572 241.712200 -8.263016 242.135100
-7.774661 241.792800 -9.027722 242.178000
-8.447696 241.919900 -9.336774 242.228700
-9.095550 242.094400 -9.994885 242.371300
-9.780101 242.353600 -10.722100 242.543200
-10.603980 242.792800 -11.496380 242.831900
-11.498330 243.420200 -12.387850 243.270100
-12.344280 244.279900 -13.313200 243.949600
-13.099550 245.362100 -14.243420 244.896400
-13.710790 246.730700 -14.946820 246.054100
-14.152340 248.336800 -15.584020 247.630200
-14.411960 250.183800 -15.965320 249.389400
-14.511960 252.255000 -16.160500 251.495400
-14.575160 254.543600 -16.146540 251.471200
-14.644070 257.034400 -16.258480 254.563900
-14.710490 259.717600 -16.364180 258.079400
-14.807480 262.576000 -16.502960 261.894800
-14.929060 265.663300 -16.491560 261.769400
-15.020770 268.902000 -16.665150 265.972900
-15.143050 272.307400 -16.844780 270.408200
-15.261360 275.830800 -17.061930 275.066600
-15.391430 279.433500 -17.074320 275.054000
-15.541770 283.128600 -17.321740 279.832600
-15.703140 286.824000 -17.601070 284.763000
-15.887430 290.565600 -17.891800 289.719400
-16.052460 294.301700 -17.902830 289.807500
-16.203910 298.051600 -18.198540 294.820900
-16.370630 301.836700 -18.440890 299.785800
-16.534560 305.629900 -18.684890 304.904200
-16.702490 309.430600 -18.691700 304.876200
-16.858450 313.259100 -18.969160 310.039000
-17.014290 317.093800 -19.237080 315.245300
-17.160050 320.915200 -19.524090 320.378600
-17.310980 324.725600 -19.532840 320.439800
-17.457990 328.526000 -19.797140 325.356600
-17.601060 332.286400 -20.070970 330.409600
-17.752870 336.035700 -20.336950 335.417200
-17.907160 339.718900 -20.346430 335.433600
-18.082040 343.305300 -20.617360 340.299400
-18.248810 346.726900 -20.893400 344.968600
-18.437360 349.998500 -21.167650 349.405100
-18.609970 353.158900 -21.169940 349.376200
-18.743280 356.160100 -21.414370 353.482000
-18.844480 358.966600 -21.627840 357.491100
-18.920830 361.583300 -21.765910 361.030700
-18.977900 363.963900 -21.760980 361.126200
-19.028190 366.122800 -21.891280 364.254400
-19.109830 368.019200 -21.955850 366.950600
-19.234950 369.712600 -22.085890 369.229600
-19.469350 371.273700 -22.253110 370.635800
-19.959330 372.738000 -22.570430 372.087800
-20.737910 374.032800 -23.057500 373.171900
-21.748530 375.114300 -23.840660 374.346400
-22.999370 375.954500 -24.902340 375.286000
-24.432570 376.529200 -26.145840 375.939900
-25.999060 376.640200 -27.592410 376.325400
-27.700810 376.581400 -29.292800 376.407000
-29.445520 376.334500 -30.403870 376.308400
-31.324050 376.002400 -31.544250 376.149700
-33.327570 375.651900 -34.092680 375.715300
-35.535230 375.299200 -37.018070 375.255200
-37.913380 374.928500 -37.076280 375.240700
-40.461440 374.606400 -40.266220 374.738700
-43.164920 374.342500 -42.921520 374.407600
-46.026710 374.108500 -46.713660 374.075400
-49.018500 373.893500 -50.544410 373.811400
-52.125150 373.685600 -50.517750 373.805500
-55.328120 373.487200 -54.675590 373.553700
-58.571190 373.306100 -58.984630 373.315300
-61.844400 373.140600 -63.350930 373.085700
-65.129510 372.964200 -63.365080 373.065700
-68.399380 372.792300 -67.808420 372.827700
-71.648100 372.602400 -72.182090 372.548600
-74.879760 372.403400 -76.454490 372.302400
-78.075710 372.246500 -76.450540 372.282000
-81.234350 372.119900 -80.738790 372.034300
-84.322090 372.037600 -84.927900 371.864600
-87.256990 372.003100 -88.834740 371.744400
-90.036340 371.992600 -88.767230 371.752200
-92.685340 371.979800 -92.451890 371.707600
-95.303200 371.934900 -95.974430 371.652500
-97.879210 371.775500 -98.724950 371.550000
-100.461300 371.507400 -101.249000 371.366500
-103.108600 371.193900 -104.776600 370.976000
-105.833100 370.892600 -104.776600 370.976000
-108.706800 370.583900 -108.416500 370.547800
-111.689400 370.303500 -112.355900 370.130200
-114.861500 370.100500 -116.441800 369.820900
-118.160300 369.888800 -116.441800 369.820900
-121.555700 369.751600 -121.020700 369.525100
-125.105500 369.682800 -125.596100 369.329300
-128.655900 369.662400 -130.381100 369.232700
-132.212900 369.655400 -130.381100 369.232700
-135.720300 369.646000 -135.131000 369.183600
-139.236700 369.568300 -139.947100 369.104400
-142.708200 369.398800 -144.585900 368.924400
-146.178600 369.229000 -144.585900 368.924400
-149.596100 369.032200 -149.124500 368.671300
-153.029900 368.846700 -153.675600 368.413000
-156.414400 368.626400 -158.293500 368.110900
-159.755500 368.368000 -158.293500 368.110900
-163.085300 368.113500 -162.815500 367.747800
-166.350900 367.840000 -167.363900 367.383100
-169.584200 367.574400 -171.630100 367.028400
-172.772700 367.319800 -171.630100 367.028400
-175.957800 367.044400 -176.058200 366.653600
-179.172000 366.794400 -180.034400 366.318200
-182.395100 366.625100 -184.424700 366.019400
-185.647900 366.504400 -184.424700 366.019400
-188.933700 366.403700 -188.808700 365.816100
-192.245300 366.285600 -193.151900 365.642700
-195.589800 366.201200 -197.565700 365.505500
-198.981700 366.178900 -197.565700 365.505500
-202.399600 366.193500 -202.083400 365.447500
-205.821900 366.214600 -206.646200 365.452000
-209.221200 366.265600 -211.218300 365.472300
-212.590200 366.336400 -211.218300 365.472300
-215.920000 366.440200 -215.829900 365.527400
-219.137100 366.588000 -220.178600 365.647000
-222.203800 366.800800 -224.272300 365.877600
-225.144400 367.035800 -224.272300 365.877600
-227.921100 367.269900 -228.211300 366.151200
-230.560400 367.500400 -231.787300 366.432100
-232.963100 367.777100 -235.132500 366.764300
-235.114200 368.131900 -237.321500 367.061000
-237.069600 368.580600 -238.589500 367.292800
-238.822800 369.056200 -239.906300 367.562000
-240.419500 369.488100 -242.115700 368.103700
-241.887100 369.846500 -244.117000 368.615300
-243.204500 370.123400 -245.345200 368.894200
-244.444500 370.305300 -246.168400 369.081700
-245.674400 370.378700 -247.823400 369.306500
-246.871800 370.388100 -248.624200 369.364000
-248.075000 370.349200 -249.398400 369.381600
-249.348800 370.314100 -251.066700 369.359400
-250.648700 370.300100 -252.806800 369.312600
-251.933700 370.327900 -254.124900 369.318000
-253.209100 370.407200 -255.388400 369.364500
-254.457700 370.525800 -256.665600 369.454300
-255.594000 370.683100 -257.814300 369.580400
-256.592500 370.835900 -257.814300 369.580400
-257.560500 370.991800 -259.155500 369.769300
-258.510200 371.063700 -260.421100 369.962700
-259.453600 371.056600 -261.620600 370.068800
-260.482700 370.926700 -262.662100 370.073900
-261.590700 370.649400 -263.741300 369.911400
-262.743700 370.151400 -264.945000 369.562500
-263.924500 369.415100 -266.151500 369.016800
-265.073100 368.376200 -267.416000 368.142200
-266.121700 367.028000 -268.582500 366.934900
-267.007800 365.362600 -269.569000 365.422700
-267.746900 363.423200 -270.357900 363.677200
-268.340800 361.256100 -271.047100 361.551100
-268.808900 358.870500 -271.436500 359.979400
-269.143100 356.260600 -272.013100 356.551800
-269.364000 353.460400 -272.005700 356.617000
-269.628500 350.451000 -272.362800 352.755800
-269.898100 347.268500 -272.718400 348.687900
-270.167000 343.959200 -273.094400 344.294800
-270.432100 340.564500 -273.095000 344.243100
-270.679500 337.052300 -273.434500 339.576900
-270.895000 333.461700 -273.721900 334.982500
-271.055600 329.902500 -273.880800 331.315300
-271.176000 326.313600 -274.049400 326.612400
-271.251400 322.762400 -274.049400 326.612400
-271.280600 319.239400 -274.126600 321.886700
-271.249000 315.743100 -274.118400 317.328700
-271.155700 312.268400 -273.996300 312.567700
-271.030700 308.826000 -273.996300 312.567700
-270.853200 305.405300 -273.787400 307.982900
-270.620800 301.989900 -273.500900 303.466900
-270.339900 298.574000 -273.121900 298.908500
-270.033700 295.140000 -273.121900 298.908500
-269.673600 291.685400 -272.705000 294.396200
-269.279700 288.205800 -272.162700 289.625300
-268.845400 284.699700 -271.605100 285.011600
-268.359100 281.176700 -271.605100 285.011600
-267.830200 277.627700 -270.955700 280.316600
-267.259900 274.057300 -270.214600 275.512300
-266.639000 270.469100 -269.383400 270.710300
-265.946700 266.863000 -269.383400 270.710300
-265.197600 263.244200 -268.460400 265.904700
-264.373600 259.580700 -267.381400 260.968900
-263.496200 255.913700 -266.198500 256.008300
-262.579000 252.268700 -266.198500 256.008300
-261.578600 248.631700 -264.971500 251.358900
-260.543600 245.038000 -263.601100 246.511000
-259.463100 241.441900 -262.147300 241.664200
-258.338800 237.858000 -262.147300 241.664200
-257.174300 234.290800 -260.605200 236.820800
-255.948100 230.729700 -258.986300 232.053700
-254.680100 227.195300 -257.303200 227.309200
-253.365400 223.704600 -257.303200 227.309200
-252.024000 220.230700 -255.592600 222.749900
-250.667100 216.782300 -253.750600 218.071100
-249.287500 213.348300 -251.900800 213.458200
-247.875300 209.945400 -251.900800 213.458200
-246.421800 206.558700 -249.983800 208.868400
-244.916800 203.207700 -248.040800 204.408500
-243.384000 199.870800 -245.974800 199.890600
-241.813200 196.565100 -245.974800 199.890600
-240.196400 193.309900 -243.845400 195.500700
-238.542200 190.099200 -241.647300 191.164900
-236.861600 186.913700 -239.458200 187.040600
-235.165000 183.752000 -239.458200 187.040600
-233.429300 180.624500 -237.149700 182.817000
-231.622200 177.521500 -234.799700 178.703900
-229.743800 174.321000 -232.341400 174.529600
-227.826100 171.097900 -232.341400 174.529600
-225.852800 167.897800 -229.673300 170.199200
-223.810500 164.722600 -226.961300 165.973000
-221.724500 161.612100 -224.201500 161.855500
-219.613800 158.543000 -224.201500 161.855500
-217.478100 155.515000 -221.393900 157.847200
-215.316600 152.527500 -218.521500 153.856000
-213.150700 149.586800 -215.585100 149.858200
-210.962200 146.680800 -215.585100 149.858200
-208.737800 143.822600 -212.756700 146.155100
-206.471900 140.984900 -209.762000 142.389100
-204.155100 138.176200 -206.614900 138.605100
-201.784400 135.400600 -206.614900 138.605100
-199.366200 132.630100 -203.388100 134.849600
-196.890900 129.861700 -200.139600 131.205900
-194.370200 127.108500 -196.767400 127.546500
-191.775000 124.378600 -196.767400 127.546500
-189.124000 121.658100 -193.278800 123.896600
-186.413300 118.972100 -189.721900 120.289100
-183.652100 116.299900 -185.970100 116.635900
-180.833900 113.636200 -185.970100 116.635900
-177.941000 111.012300 -182.270700 113.142300
-175.004800 108.364000 -178.377500 109.618100
-172.053900 105.709500 -174.516700 106.181800
-169.069600 103.080200 -174.516700 106.181800
-166.066100 100.446500 -170.533500 102.715300
-163.075100 97.812220 -166.561100 99.268740
-160.138200 95.134100 -162.768900 95.933180
-157.200100 92.475810 -162.768900 95.933180
-154.275600 89.830860 -158.921800 92.502270
-151.375100 87.179520 -154.950800 88.941270
-148.492200 84.507520 -151.069300 85.434180
-145.590800 81.847270 -151.069300 85.434180
-142.660500 79.211590 -147.180400 81.925000
-139.724700 76.580210 -143.205500 78.380850
-136.784200 73.943950 -139.215200 74.843610
-133.841200 71.308100 -139.215200 74.843610
-130.910700 68.676740 -135.206800 71.265620
-127.984900 66.040280 -131.281300 67.773730
-125.063100 63.430430 -127.491800 64.394620
-122.156900 60.831360 -127.491800 64.394620
-119.245300 58.228170 -123.491000 60.857550
-116.347300 55.617720 -119.591100 57.409290
-113.455700 53.003780 -115.717400 53.962880
-110.532900 50.381290 -115.717400 53.962880
-107.626500 47.762710 -111.718000 50.447890
-104.694500 45.120130 -107.857400 47.023560
-101.763800 42.487340 -103.886100 43.546220
-98.798280 39.841630 -103.886100 43.546220
-95.852140 37.183550 -99.935060 40.074000
-92.880440 34.532400 -95.954350 36.564750
-89.902870 31.874270 -91.938030 33.036680
-86.914010 29.212990 -91.938030 33.036680
-83.926180 26.550970 -87.795170 29.413680
-80.937000 23.913040 -83.732790 25.848990
-77.954470 21.290830 -79.875350 22.455430
-74.988480 18.686980 -79.875350 22.455430
-72.057280 16.091360 -76.038310 19.106870
-69.169900 13.500340 -71.958410 15.539810
-66.299690 10.910920 -68.046240 12.089550
-63.479030 8.339491 -68.046240 12.089550
-60.679800 5.771217 -64.126980 8.597598
-57.915100 3.248503 -60.376500 5.222283
-55.221770 0.803962 -56.661300 1.858891
-52.611160 -1.543085 -56.661300 1.858891
-50.088880 -3.789114 -53.170220 -1.266125
-47.643790 -5.973092 -49.978150 -4.089115
-45.315860 -8.034447 -46.858970 -6.837665
-43.113230 -9.933193 -46.858970 -6.837665
-41.031450 -11.662370 -43.960560 -9.335550
-39.046940 -13.214250 -41.304170 -11.517710
-37.082270 -14.591780 -38.801190 -13.402980
-35.097350 -15.760670 -36.905380 -14.619760
-33.058170 -16.673330 -34.904090 -15.652220
-30.971870 -17.280460 -32.829990 -16.425590
-28.865760 -17.581610 -30.862540 -16.839600
-26.784970 -17.545160 -28.818800 -16.961810
-24.786370 -17.180030 -26.804780 -16.765150
-22.895390 -16.501740 -24.978260 -16.271300
-21.151920 -15.579560 -23.182280 -15.484440
-19.536240 -14.512750 -21.473390 -14.497360
-17.952400 -13.439350 -21.498000 -14.492720
-16.387990 -12.406440 -19.427890 -13.104890
-14.863100 -11.417480 -17.348920 -11.689750
-13.393330 -10.522110 -15.365590 -10.388260
-12.012560 -9.712136 -15.435360 -10.438310
-10.724060 -9.005949 -13.557860 -9.285695
-9.550035 -8.378380 -11.855600 -8.305911
-8.515855 -7.864360 -10.432520 -7.525188
-7.666677 -7.451274 -10.532940 -7.598282
-6.965634 -7.116444 -9.389966 -6.983781
-6.290034 -6.754992 -8.458707 -6.514671
-5.683176 -6.365703 -7.788402 -6.160409
-5.115930 -5.951422 -7.016875 -5.700722
-4.546901 -5.474396 -6.636479 -5.442444
-3.918483 -4.841217 -5.699722 -4.684839
-3.251958 -4.063126 -4.970841 -3.969856
-2.618666 -3.132043 -4.276336 -3.150596
-1.995823 -2.041747 -3.616755 -2.169483
-1.444291 -0.709844 -2.959822 -0.918664
-0.945890 0.845441 -2.364454 0.602220
-0.637858 2.648628 -1.915728 2.307394
-0.490261 4.697446 -1.702218 3.614449
-0.464139 6.920857 -1.533070 6.372158
-0.531398 9.295931 -1.532576 7.915847
-0.624242 11.817770 -1.624554 11.278020
-0.711873 14.466010 -1.641143 11.252300
-0.825265 17.247450 -1.788460 14.754950
-0.950867 20.106980 -1.934646 18.567760
-1.111700 23.081510 -2.147223 22.503550
-1.318962 26.177850 -2.149502 22.433590
-1.558337 29.342010 -2.425343 26.650900
-1.802380 32.590800 -2.768053 30.951260
-2.057718 35.829860 -3.124391 35.321090
-2.317142 39.134640 -3.112280 35.331020
-2.563489 42.479060 -3.468336 39.763270
-2.782512 45.832490 -3.816064 44.252810
-2.981824 49.222850 -4.119873 48.750660
-3.156600 52.663260 -4.127480 48.812270
-3.326194 56.134890 -4.402925 53.354170
-3.502086 59.661300 -4.692924 58.031480
-3.713046 63.193690 -4.969835 62.792280
-3.925554 66.778030 -4.959234 62.686630
-4.099562 70.366360 -5.242797 67.502860
-4.323029 73.928460 -5.530246 72.288210
-4.525824 77.456260 -5.817828 77.047110
-4.726372 80.968850 -5.810767 76.957620
-4.944700 84.450320 -6.082855 81.614050
-5.155943 87.868120 -6.364150 86.254850
-5.329539 91.294920 -6.620850 90.716120
-5.470861 94.700890 -6.634157 90.633550
