0.000445 2.625299 -0.000000 -0.000000
0.004158 6.581638 0.047235 2.081637
0.007728 10.569630 0.047235 2.081637
-0.001862 14.580480 0.179632 10.705740
0.000483 18.634690 0.270569 16.064080
-0.000765 22.705750 0.372657 21.544810
-0.005061 26.820300 0.372657 21.544810
0.007939 30.949840 0.458950 26.995330
0.010173 35.110830 0.565841 32.823110
0.016969 39.301560 0.661853 38.327550
0.021344 43.518580 0.661853 38.327550
0.034080 47.757040 0.797546 44.131130
0.028958 52.028310 0.908794 49.756510
0.016809 56.316600 0.999605 55.519080
0.006524 60.603180 0.999605 55.519080
-0.002874 64.871870 1.107398 61.161870
-0.019364 69.115930 1.207899 66.875430
-0.042147 73.339860 1.314731 72.526240
-0.054585 77.540790 1.314731 72.526240
-0.048832 81.710950 1.406232 78.177660
-0.060720 85.865620 1.523126 83.858390
-0.098132 90.006340 1.636119 89.418200
-0.145460 94.103390 1.636119 89.418200
-0.212031 98.165450 1.753339 94.983160
-0.269402 102.205400 1.847300 100.361900
-0.315395 106.220800 1.923900 105.633700
-0.373776 110.244600 1.923900 105.633700
-0.421968 114.228600 2.006977 110.952500
-0.433415 118.227400 2.121585 116.346300
-0.447293 122.268400 2.207145 121.656600
-0.464133 126.337100 2.207145 121.656600
-0.474280 130.407000 2.301941 127.133600
-0.465103 134.461400 2.417846 132.522000
-0.464572 138.512400 2.508731 137.976800
-0.470457 142.562200 2.508731 137.976800
-0.481393 146.601100 2.589073 143.441400
-0.488799 150.648100 2.679460 148.586500
-0.520340 154.684300 2.776277 154.162200
-0.499605 158.731900 2.776277 154.162200
-0.483652 162.778800 2.875581 159.623500
-0.459926 166.839000 2.967257 165.060500
-0.438972 170.919800 3.057237 170.493000
-0.377930 175.029100 3.057237 170.493000
-0.321404 179.160700 3.171061 176.011200
-0.314056 183.309800 3.287818 181.390400
-0.308728 187.498800 3.419678 187.281800
-0.303004 191.712800 3.419678 187.281800
-0.294530 195.959200 3.519898 192.841500
-0.315003 200.224200 3.614755 198.598600
-0.351843 204.532500 3.749234 204.396700
-0.342198 208.867900 3.749234 204.396700
-0.353316 213.245300 3.864327 210.296300
-0.355981 217.661500 3.971893 216.268200
-0.371188 222.105300 4.082357 222.255000
-0.378771 226.569100 4.082357 222.255000
-0.376609 231.045400 4.219701 228.208400
-0.376469 235.539000 4.348053 234.281400
-0.382906 240.060300 4.467425 240.512500
-0.379639 244.602000 4.467425 240.512500
-0.368389 249.168200 4.593888 246.640500
-0.359890 253.757000 4.708038 252.790900
-0.347449 258.361200 4.819567 259.172200
-0.329134 262.973100 4.819567 259.172200
-0.320818 267.598100 4.934391 265.372700
-0.315594 272.218500 5.038186 271.414400
-0.311421 276.853500 5.130359 277.559700
-0.289754 281.495800 5.130359 277.559700
-0.244730 286.145400 5.230330 283.718400
-0.204525 290.810300 5.350789 290.091000
-0.175311 295.500700 5.495645 296.356000
-0.149830 300.236700 5.495645 296.356000
-0.124580 305.009500 5.628072 302.560800
-0.096500 309.818900 5.740221 308.871000
-0.106523 314.668200 5.881524 315.592600
-0.105842 319.552500 5.881524 315.592600
-0.098831 324.439700 6.011835 322.268800
-0.084970 329.324200 6.131046 328.725600
-0.058449 334.189300 6.273831 335.296500
-0.045480 339.021100 6.273831 335.296500
-0.036810 343.852800 6.421324 341.841400
-0.037072 348.655100 6.542195 348.335100
-0.062771 353.446400 6.658412 354.535300
-0.097300 358.221800 6.658412 354.535300
-0.132221 362.989000 6.806524 361.010500
-0.166861 367.781100 6.965020 367.195700
-0.222998 372.615400 7.103346 373.860300
-0.262588 377.387300 7.103346 373.860300
-0.287793 382.220200 7.234706 380.334000
-0.311017 387.067800 7.362149 386.925700
-0.323800 391.935900 7.498133 393.415900
