0.000445 2.625299 0.000000 -0.000000
0.004158 6.581638 -0.047049 2.085704
0.007728 10.569630 -0.047049 2.085704
-0.001862 14.580480 -0.025758 10.575200
0.000483 18.634690 -0.046672 16.108340
-0.000765 22.705750 -0.086100 21.570130
-0.005061 26.820300 -0.086100 21.570130
0.007939 30.949840 -0.106645 27.023030
0.010173 35.110830 -0.124605 32.831600
0.016969 39.301560 -0.122601 38.430460
0.021344 43.518580 -0.122601 38.430460
0.034080 47.757040 -0.143628 44.127360
0.028958 52.028310 -0.155570 49.799140
0.016809 56.316600 -0.192954 55.516900
0.006524 60.603180 -0.192954 55.516900
-0.002874 64.871870 -0.258289 61.168860
-0.019364 69.115930 -0.322079 66.849660
-0.042147 73.339860 -0.372643 72.526760
-0.054585 77.540790 -0.372643 72.526760
-0.048832 81.710950 -0.394200 78.193230
-0.060720 85.865620 -0.448091 83.771350
-0.098132 90.006340 -0.509594 89.486860
-0.145460 94.103390 -0.509594 89.486860
-0.212031 98.165450 -0.563429 94.880780
-0.269402 102.205400 -0.611523 100.218200
-0.315395 106.220800 -0.665119 105.610100
-0.373776 110.244600 -0.665119 105.610100
-0.421968 114.228600 -0.748998 110.930500
-0.433415 118.227400 -0.790049 116.197500
-0.447293 122.268400 -0.795742 121.667600
-0.464133 126.337100 -0.795742 121.667600
-0.474280 130.407000 -0.782397 127.035100
-0.465103 134.461400 -0.748968 132.497200
-0.464572 138.512400 -0.715002 137.802100
-0.470457 142.562200 -0.715002 137.802100
-0.481393 146.601100 -0.693239 143.226900
-0.488799 150.648100 -0.670166 148.563800
-0.520340 154.684300 -0.688017 153.979600
-0.499605 158.731900 -0.688017 153.979600
-0.483652 162.778800 -0.680510 159.512800
-0.459926 166.839000 -0.646843 164.873900
-0.438972 170.919800 -0.648131 170.281900
-0.377930 175.029100 -0.648131 170.281900
-0.321404 179.160700 -0.624379 175.686700
-0.314056 183.309800 -0.644020 181.201300
-0.308728 187.498800 -0.677866 186.909700
-0.303004 191.712800 -0.677866 186.909700
-0.294530 195.959200 -0.726170 192.487400
-0.315003 200.224200 -0.702133 198.038400
-0.351843 204.532500 -0.754730 203.888500
-0.342198 208.867900 -0.754730 203.888500
-0.353316 213.245300 -0.725022 209.887900
-0.355981 217.661500 -0.744482 215.848200
-0.371188 222.105300 -0.764729 221.889700
-0.378771 226.569100 -0.764729 221.889700
-0.376609 231.045400 -0.794035 227.719300
-0.376469 235.539000 -0.832935 233.749700
-0.382906 240.060300 -0.836501 239.809200
-0.379639 244.602000 -0.836501 239.809200
-0.368389 249.168200 -0.900474 246.004200
-0.359890 253.757000 -0.921621 252.256700
-0.347449 258.361200 -0.924345 258.478800
-0.329134 262.973100 -0.924345 258.478800
-0.320818 267.598100 -0.938582 264.734200
-0.315594 272.218500 -0.948265 270.727100
-0.311421 276.853500 -0.929731 276.847000
-0.289754 281.495800 -0.929731 276.847000
-0.244730 286.145400 -0.919884 282.918400
-0.204525 290.810300 -0.878939 289.169900
-0.175311 295.500700 -0.847667 295.501600
-0.149830 300.236700 -0.847667 295.501600
-0.124580 305.009500 -0.854282 301.551400
-0.096500 309.818900 -0.820298 307.931700
-0.106523 314.668200 -0.812763 314.610000
-0.105842 319.552500 -0.812763 314.610000
-0.098831 324.439700 -0.809625 321.096200
-0.084970 329.324200 -0.827984 327.653200
-0.058449 334.189300 -0.804866 334.204000
-0.045480 339.021100 -0.804866 334.204000
-0.036810 343.852800 -0.814525 340.756000
-0.037072 348.655100 -0.836539 347.143500
-0.062771 353.446400 -0.895729 353.572200
-0.097300 358.221800 -0.895729 353.572200
-0.132221 362.989000 -0.939364 359.879400
-0.166861 367.781100 -0.988040 366.191000
-0.222998 372.615400 -1.044207 372.649900
-0.262588 377.387300 -1.044207 372.649900
-0.287793 382.220200 -1.113790 379.112800
-0.311017 387.067800 -1.149223 385.753100
-0.323800 391.935900 -1.162642 392.245300
