-0.093743 1.716275 0.000000 -0.000000
-0.234382 4.291335 0.010595 2.080015
-0.374955 6.865477 0.010595 2.080015
-0.515547 9.440275 -0.118247 6.025118
-0.656205 12.015410 -0.263158 9.379727
-0.799251 14.600260 -0.443455 12.851260
-0.960916 17.268960 -0.443455 12.851260
-1.118651 19.997220 -0.653699 16.441570
-1.280807 22.774320 -0.892157 20.131290
-1.436633 25.596940 -1.135033 23.891050
-1.586551 28.454660 -1.135033 23.891050
-1.728893 31.377650 -1.363197 27.736210
-1.870663 34.320210 -1.585990 31.601600
-2.061112 37.428500 -1.839877 35.612870
-2.256115 40.538550 -1.839877 35.612870
-2.465214 43.593020 -2.105892 39.593590
-2.661881 46.598030 -2.377779 43.582010
-2.871336 49.556000 -2.660476 47.472140
-3.065844 52.495010 -2.660476 47.472140
-3.248811 55.391780 -2.938816 51.334540
-3.438994 58.274000 -3.233447 55.245400
-3.641784 61.091250 -3.524761 59.052210
-3.843940 63.815190 -3.524761 59.052210
-4.046625 66.421630 -3.821943 62.638460
-4.244856 68.909940 -4.108029 65.953000
-4.445510 71.284370 -4.405641 69.110740
-4.644343 73.480650 -4.405641 69.110740
-4.837515 75.507440 -4.699039 72.022300
-4.985837 77.344090 -4.962498 74.629780
-5.133801 79.049530 -5.193248 76.853900
-5.208269 80.634550 -5.193248 76.853900
-5.236828 82.097010 -5.399460 79.983390
-5.105620 83.454540 -5.381926 81.378210
-4.817297 84.728690 -5.220145 82.575520
-4.336344 85.853730 -4.918065 83.787910
-3.656380 86.812100 -4.442929 84.799000
-2.817803 87.594010 -3.794557 85.692100
-1.847638 88.187990 -2.987343 86.419070
-0.811071 88.641590 -2.036356 87.048140
0.302092 88.930470 -1.077176 87.449050
1.434583 89.210560 -0.397185 87.691190
2.662750 89.372100 1.202066 88.068700
4.002128 89.520590 2.066314 88.216570
5.460049 89.603320 2.991515 88.336560
7.050381 89.654730 4.435003 88.466100
8.800912 89.701670 6.723954 88.606950
10.714580 89.719540 9.271130 88.719070
12.781900 89.727290 9.235872 88.691900
15.002600 89.776310 12.052090 88.782170
17.354730 89.883630 15.072910 88.920480
19.768190 90.033380 18.346010 89.124920
22.217350 90.182690 18.352170 89.117310
24.666600 90.317320 21.632210 89.369100
27.100090 90.457820 24.940320 89.603230
29.533440 90.568020 28.227000 89.818790
31.943240 90.604090 28.208140 89.817890
34.324240 90.562410 31.391080 89.944230
36.663630 90.442530 33.724480 89.939790
38.940490 90.251650 36.069090 89.885480
41.145740 90.002900 39.040110 89.666010
43.274630 89.723990 41.986910 89.392880
45.284970 89.460220 41.931540 89.398260
47.143970 89.244510 44.601430 89.114650
48.831470 89.126950 46.935330 88.898910
50.416700 89.148420 49.083530 88.810590
51.963840 89.335560 50.720970 88.889090
53.430560 89.750370 52.189550 89.143450
54.738890 90.388600 53.476340 89.653990
55.835930 91.271120 54.710800 90.407900
56.722440 92.356020 55.627420 91.272130
57.370050 93.610620 56.449450 92.415400
57.812420 94.981600 56.993310 93.619660
58.162240 96.402170 57.293510 94.509710
58.486940 97.888060 57.554760 95.439570
58.813990 99.460870 57.906310 96.953040
59.209760 101.110600 58.362600 99.112330
59.635460 102.888300 58.893980 101.451800
60.134240 104.754400 58.836390 101.376100
60.649730 106.692300 59.458120 103.904600
61.177220 108.760700 60.136080 106.623900
61.696270 110.929500 60.822100 109.516300
62.234170 113.189100 60.826550 109.563000
62.784830 115.564300 61.530860 112.634700
63.334630 118.012100 62.215660 115.777500
63.870330 120.502600 62.930310 119.069300
64.449810 123.021500 62.911860 119.007300
65.066290 125.571200 63.642900 122.332500
65.658090 128.120500 64.424680 125.718100
66.298360 130.557300 65.236590 129.181300
66.932080 133.060100 65.606860 130.731800
67.539460 135.459900 66.365880 134.037700
68.126590 137.872600 66.352700 134.045900
68.655350 140.266200 67.092370 137.316200
69.187890 142.659800 67.762550 140.543500
69.694160 145.028400 68.394200 143.719200
70.131500 147.439500 68.409780 143.680400
70.507970 149.819900 68.968990 146.853000
70.857030 152.237000 69.462600 149.993600
71.148280 154.664900 69.862210 153.268600
71.368370 157.136000 69.859210 153.316300
71.545650 159.601800 70.192480 156.583800
71.665010 162.054900 70.429410 159.994400
71.775400 164.563800 70.586050 163.306300
71.889120 167.018700 70.667960 165.785400
71.930660 169.517300 70.676000 165.755500
71.947120 172.037900 70.706090 168.877700
71.922420 174.551700 70.683430 171.392200
71.800480 177.110400 70.599130 174.808900
71.660010 179.631600 70.418810 178.175000
71.538190 182.214100 70.424780 178.272800
71.419630 184.762800 70.241890 181.684800
71.283990 187.333200 70.074110 184.348900
71.136850 189.856200 69.856710 187.786200
70.964250 192.373200 69.615850 191.112300
70.791150 194.863500 69.615850 191.112300
70.629110 197.195700 69.388020 194.413600
70.503800 199.315700 69.131790 197.633000
70.378520 201.434200 68.896620 200.600100
70.253080 203.554600 68.896620 200.600100
70.127680 205.673200 68.695530 203.325700
69.999050 207.797100 68.572260 205.886400
69.994640 209.740000 68.504110 208.466100
70.019510 211.649800 68.504110 208.466100
70.030310 213.601900 68.496490 211.043200
70.006440 215.556500 68.499650 213.650700
69.982810 217.578800 68.507100 216.234300
69.956510 219.646300 68.507100 216.234300
69.960540 221.624700 68.454840 218.979300
69.984300 223.672300 68.370980 221.787800
69.986070 225.713400 68.282630 224.604900
69.961180 227.773200 68.282630 224.604900
69.924290 229.792700 68.183970 227.326900
69.871450 231.769000 68.076010 230.083100
69.827100 233.650000 67.979870 232.719600
69.782790 235.365900 67.979870 232.719600
69.664050 236.931700 67.791170 236.063700
69.425420 238.441600 67.685970 237.069100
69.022170 239.831600 67.321650 238.921900
68.414950 241.092500 66.891230 240.207900
67.609370 242.161600 66.287140 241.369100
66.672910 243.070200 65.505510 242.350500
65.621050 243.784500 64.626540 243.112800
64.520420 244.320000 63.613110 243.772000
63.308500 244.683100 62.444320 244.265900
61.939660 244.884400 61.129670 244.575100
60.461500 244.953900 60.241570 244.694400
58.885590 244.928300 58.111730 244.762400
57.192410 244.850300 56.298150 244.690800
55.348170 244.770900 56.412840 244.694500
53.337730 244.675800 54.076780 244.543100
51.206680 244.461400 51.224320 244.379300
48.868140 244.284500 48.056700 244.206500
46.381860 244.141000 48.042510 244.196300
43.781980 244.016000 44.591760 244.020700
41.193420 243.884100 41.066860 243.863300
38.579040 243.742400 37.532130 243.709500
35.965320 243.663800 37.542770 243.702600
33.341940 243.540600 34.071490 243.486700
30.719810 243.392900 30.597960 243.239800
28.124530 243.284900 27.115170 242.977400
25.563090 243.208100 27.063470 242.977400
23.047250 243.114500 23.821670 242.817200
20.555360 243.017200 20.515860 242.638600
18.116450 242.898000 17.150070 242.401900
15.701470 242.742600 17.220280 242.418300
13.322600 242.536200 13.907790 242.178200
11.009120 242.295900 10.767640 241.885200
8.787789 242.069500 7.805719 241.580000
6.700094 241.864800 7.959328 241.572700
4.739786 241.695800 5.165415 241.271300
2.907815 241.566500 2.621183 241.028400
1.213038 241.449100 0.168794 240.838500
-0.324785 241.378800 0.339117 240.840700
-1.717128 241.330500 -1.700365 240.733500
-2.957329 241.317600 -3.450350 240.653400
-4.038108 241.337500 -4.899532 240.611200
-4.943153 241.365500 -4.972569 240.606500
-5.617740 241.399300 -6.164408 240.598700
-6.055183 241.428800 -6.913249 240.611200
-6.292219 241.448100 -7.189296 240.626700
-6.421901 241.458600 -7.239799 240.620500
-6.445881 241.456200 -7.241936 240.626400
-6.441162 241.459100 -7.241936 240.626400
-6.435232 241.473300 -7.153010 240.633800
-6.462353 241.493500 -7.310454 240.626000
-6.528339 241.506000 -7.299871 240.624700
-6.662736 241.512300 -7.469593 240.631500
-6.960563 241.530300 -7.768814 240.641800
-7.433982 241.575000 -7.868499 240.632000
-8.055734 241.661200 -8.907725 240.693900
-8.793327 241.820600 -9.382492 240.742400
-9.588231 242.097200 -10.464380 240.936600
-10.437130 242.485400 -11.350580 241.212100
-11.295880 243.047100 -12.202870 241.602000
-12.079170 243.810000 -13.132200 242.217400
-12.766450 244.770600 -13.909130 243.033400
-13.318280 245.979800 -14.556010 244.030100
-13.722350 247.381900 -15.151720 245.388100
-13.993610 248.989100 -15.581010 246.982500
-14.142370 250.776000 -15.812140 248.699200
-14.240360 252.724300 -15.993290 250.795500
-14.307120 254.816900 -15.964070 250.664100
-14.375760 257.054800 -16.110470 253.522000
-14.447320 259.440900 -16.212260 256.631000
-14.528740 261.943400 -16.339320 259.973100
-14.623060 264.585600 -16.343940 259.893400
-14.708690 267.323000 -16.500540 263.404900
-14.814240 270.161800 -16.628100 267.063100
-14.944000 273.125700 -16.817510 270.904100
-15.035340 276.155700 -16.812290 270.956000
-15.140940 279.245300 -16.995200 275.029900
-15.257430 282.397700 -17.205080 279.192900
-15.385880 285.555700 -17.450030 283.380000
-15.535620 288.750600 -17.424820 283.323800
-15.687360 291.914700 -17.678070 287.576200
-15.834860 295.036500 -17.973270 291.775500
-15.991060 298.139100 -18.266120 295.990500
-16.161930 301.216800 -18.275070 296.085400
-16.334330 304.293900 -18.538770 300.208300
-16.503430 307.356500 -18.789320 304.207700
-16.666320 310.429700 -19.039770 308.305400
-16.796270 313.525400 -19.048070 308.333000
-16.926910 316.656200 -19.317330 312.529500
-17.069050 319.831700 -19.507720 316.706100
-17.223680 323.045500 -19.803400 321.202400
-17.395860 326.294000 -19.786180 321.038600
-17.561630 329.524400 -20.030910 325.400400
-17.719010 332.731300 -20.274420 329.694800
-17.900430 335.939300 -20.551320 333.972800
-18.071960 339.098000 -20.542440 333.896400
-18.239730 342.181300 -20.772250 338.096300
-18.398210 345.184400 -21.005860 342.166200
-18.572480 348.105900 -21.263240 346.023800
-18.755060 350.925000 -21.257770 345.926200
-18.932310 353.619300 -21.518760 349.682000
-19.084440 356.172000 -21.778800 353.098900
-19.190840 358.544700 -21.989700 356.468600
-19.281520 360.709100 -21.980510 356.431500
-19.364880 362.648200 -22.144160 359.296800
-19.435380 364.404800 -22.253600 361.761700
-19.512930 365.946600 -22.375730 363.974100
-19.649890 367.322100 -22.478670 365.447000
-19.892230 368.628200 -22.580660 366.326600
-20.252090 369.891500 -22.876930 367.944600
-20.791750 371.054200 -23.239670 368.988600
-21.487330 372.119200 -23.736840 370.004700
-22.400060 373.113800 -24.475870 371.063100
-23.514160 373.922600 -25.381180 371.920900
-24.828720 374.589100 -26.662830 372.771500
-26.313780 374.997800 -28.041700 373.309400
-27.968970 375.108000 -29.678860 373.593700
-29.722230 374.986600 -31.405470 373.613700
-31.561500 374.788900 -32.537070 373.531400
-33.456030 374.582400 -34.455760 373.331600
-35.494020 374.385300 -37.148460 373.055000
-37.624260 374.163100 -37.165280 373.032300
-39.884590 373.957100 -40.054280 372.733400
-42.294220 373.767800 -43.318960 372.433700
-44.851270 373.618600 -46.757140 372.186000
-47.522840 373.490900 -46.623210 372.188600
-50.237360 373.372000 -50.142780 371.975000
-53.000110 373.257500 -53.836200 371.758800
-55.754610 373.127700 -57.555120 371.561100
-58.489490 372.995400 -57.516070 371.554500
-61.217110 372.854000 -61.098490 371.333900
-63.932820 372.668500 -64.802010 371.087400
-66.615190 372.470900 -68.387850 370.791200
-69.300010 372.271700 -68.245580 370.816000
-71.958490 372.083400 -71.882250 370.494200
-74.613120 371.927700 -75.532790 370.194200
-77.243790 371.817600 -79.060650 369.962500
-79.849740 371.735400 -79.010410 369.971400
-82.448730 371.697400 -82.628980 369.818900
-85.015590 371.704100 -86.050600 369.725900
-87.445480 371.725300 -89.345300 369.703900
-89.695430 371.748300 -89.309150 369.708500
-91.744210 371.753800 -92.283360 369.705000
-93.584570 371.721300 -94.876550 369.658500
-95.366880 371.645500 -97.263130 369.572400
-97.116000 371.527700 -97.347720 369.559800
-98.846360 371.389000 -99.613820 369.404600
-100.610100 371.211400 -101.952500 369.181800
-102.430900 371.005500 -104.392100 368.906100
-104.313400 370.788700 -104.547800 368.896900
-106.301400 370.553200 -107.085000 368.589700
-108.425900 370.299900 -109.793700 368.245400
-110.625300 370.063600 -112.736800 367.895000
-113.039100 369.849500 -114.233200 367.737000
-115.512500 369.657200 -117.567300 367.432800
-118.178300 369.455100 -117.597900 367.427000
-120.917600 369.337500 -121.174100 367.154800
-123.822000 369.268500 -123.990800 366.996100
-126.757300 369.228600 -126.845900 366.904200
-129.739200 369.205900 -130.860500 366.841400
-132.737000 369.161300 -134.877900 366.774400
-135.699500 369.131300 -134.732700 366.786200
-138.667900 369.063000 -138.688700 366.681400
-141.577800 368.942900 -142.733700 366.524300
-144.486000 368.839000 -146.629200 366.333900
-147.377400 368.709500 -146.669600 366.300000
-150.227800 368.540700 -150.474900 366.077700
-153.083900 368.367900 -154.264700 365.799700
-155.901600 368.175200 -158.046500 365.501100
-158.683500 367.984500 -158.152200 365.511300
-161.437100 367.820500 -161.868400 365.224100
-164.144900 367.670700 -165.496500 364.977700
-166.743400 367.524800 -169.004200 364.742700
-169.213800 367.384800 -168.977800 364.744000
-171.494900 367.269400 -172.165300 364.544500
-173.606900 367.160800 -175.165400 364.358600
-175.504300 367.028500 -177.762400 364.177700
-177.287900 366.876300 -177.774500 364.174300
-178.948300 366.700600 -180.166700 363.972300
-180.524500 366.392200 -182.807000 363.612700
-182.023400 365.894200 -184.331100 363.228100
-183.399200 365.191500 -185.702400 362.725700
-184.596000 364.244500 -186.971400 361.935100
-185.600000 363.065200 -188.030400 360.928300
-186.364600 361.651500 -188.967800 359.640100
-186.883600 360.051400 -189.683800 358.057600
-187.124700 358.297100 -190.005100 356.507600
-187.195500 356.419300 -190.169400 354.696900
-187.209700 354.465800 -190.205300 353.376000
-187.125200 352.422500 -190.208700 352.057200
-186.971000 350.260800 -190.132700 349.911400
-186.769900 347.985700 -189.913200 346.820400
-186.532900 345.585000 -189.627200 343.570900
-186.242200 343.095600 -189.646500 343.772100
-185.936900 340.495400 -189.277300 340.335300
-185.649900 337.789200 -188.861200 336.752700
-185.382600 335.019400 -188.458100 333.057100
-185.134200 332.220800 -188.461100 333.138900
-184.899500 329.439300 -188.106200 329.252000
-184.692700 326.641900 -187.780000 325.600000
-184.486100 323.835000 -187.488100 321.857800
-184.280300 321.000600 -187.487900 321.813300
-184.127700 318.141900 -187.216500 318.097500
-183.978900 315.260000 -186.998100 314.197300
-183.812400 312.407300 -186.775300 310.371000
-183.654200 309.562200 -186.777900 310.383900
-183.502700 306.737100 -186.534600 306.588300
-183.378600 303.927100 -186.332000 302.843000
-183.289500 301.144500 -186.146300 299.125200
-183.208700 298.368800 -186.142500 299.166300
-183.122800 295.601700 -185.962800 295.375000
-182.982000 292.843600 -185.803700 291.607200
-182.817100 290.034100 -185.557500 287.840700
-182.672600 287.222000 -185.553100 287.849300
-182.494800 284.346300 -185.307200 284.065200
-182.348800 281.464600 -185.037300 280.157900
-182.200300 278.528900 -184.806600 276.218600
-182.050900 275.608600 -184.796400 276.253200
-181.885100 272.670100 -184.581700 272.200700
-181.698600 269.743000 -184.356600 268.141700
-181.502400 266.785500 -184.102200 264.169300
-181.286200 263.816200 -184.089400 264.166500
-181.084300 260.859000 -183.780500 260.167400
-180.848300 257.824800 -183.447700 256.200000
-180.627500 254.849100 -183.100600 252.161100
-180.435400 251.890900 -183.106200 252.068800
-180.251400 248.947400 -182.782400 248.083100
-180.077100 246.059900 -182.505700 244.214700
-179.932000 243.222200 -182.253700 240.397200
-179.800900 240.508500 -182.268500 240.489400
-179.645000 237.914800 -182.021200 236.721200
-179.522100 235.417700 -181.813300 233.358600
-179.443500 233.048900 -181.656800 230.123500
-179.395200 230.845400 -181.678400 230.398900
-179.377000 228.830400 -181.579100 227.469700
-179.361600 227.009400 -181.533000 224.908400
-179.313800 225.382900 -181.464600 222.657000
-179.211800 223.965500 -181.379900 221.164000
-178.995500 222.642300 -181.209700 219.623800
-178.609800 221.398200 -180.964100 218.531100
-178.021500 220.277800 -180.532700 217.331300
-177.281700 219.190700 -179.899800 216.047300
-176.315400 218.205000 -179.101000 215.026100
-175.108000 217.339600 -178.010900 214.035300
-173.598300 216.631800 -176.593100 213.120700
-171.884200 216.128100 -174.932300 212.405000
-169.938900 215.824900 -173.208900 212.003900
-167.862500 215.670800 -171.866900 211.830600
-165.717900 215.599700 -170.456200 211.738400
-163.500900 215.552400 -168.438300 211.708500
-161.211900 215.524100 -165.456600 211.716500
-158.798300 215.506300 -162.351700 211.750600
-156.333400 215.474900 -162.351700 211.750600
-153.798000 215.521500 -159.011500 211.813400
-151.149500 215.545000 -155.540400 211.925600
-148.464800 215.609200 -151.978700 212.040900
-145.761200 215.721700 -151.978700 212.040900
-143.047300 215.845300 -148.292000 212.228900
-140.354300 216.015300 -144.747100 212.465500
-137.657100 216.247400 -141.145100 212.813300
-134.989700 216.485500 -141.145100 212.813300
-132.361200 216.725700 -137.548400 213.168700
-129.819900 216.954200 -134.115200 213.510500
-127.369200 217.130500 -130.670100 213.822300
-125.076000 217.289000 -130.670100 213.822300
-122.978300 217.394200 -127.629300 214.061300
-121.074700 217.452000 -124.959000 214.193500
-119.253800 217.487000 -122.472500 214.285700
-117.452800 217.501500 -122.472500 214.285700
-115.661000 217.500200 -120.193200 214.302500
-113.898200 217.530400 -117.681800 214.325000
-112.188000 217.587200 -115.914700 214.340800
-110.483800 217.777500 -113.609000 214.456700
-108.832700 218.145800 -111.885700 214.716500
-107.256300 218.728200 -110.314000 215.106500
-105.792600 219.476200 -108.739700 215.727300
-104.503500 220.453800 -107.347300 216.566700
-103.370900 221.616000 -106.233900 217.502700
-102.437600 222.932700 -105.164200 218.710000
-101.723700 224.345800 -104.479300 219.848800
-101.236600 225.851200 -103.864200 221.262400
-100.915700 227.438600 -103.407800 222.770700
-100.634700 229.003000 -103.050800 224.287500
-100.355700 230.520900 -103.044900 224.296600
-100.012200 231.987300 -102.636000 226.307800
-99.599560 233.386100 -102.048800 228.617800
-98.996290 234.559900 -101.614700 229.687400
-98.348550 235.540100 -101.092000 230.701800
-97.491420 236.281400 -100.381000 231.594500
-96.563560 236.781500 -99.540670 232.278800
-95.613480 237.212600 -98.686690 232.765800
-94.564720 237.578100 -97.667980 233.205900
-93.378270 237.826600 -96.892450 233.440700
-92.065800 238.037600 -95.084040 233.803600
-90.600520 238.207100 -94.115530 233.949800
-88.966180 238.333600 -92.557700 234.119000
-87.134840 238.488000 -90.161630 234.322100
-85.139540 238.614700 -90.103180 234.327500
-82.995990 238.713600 -87.431940 234.540300
-80.731250 238.835900 -84.492950 234.747100
-78.338900 238.957400 -81.384250 234.939200
-75.911080 239.102600 -81.412540 234.940300
-73.418340 239.247000 -78.068290 235.121200
-70.862210 239.411700 -74.698830 235.258300
-68.236450 239.513000 -71.195610 235.390600
-65.565890 239.621000 -71.179190 235.402400
-62.884820 239.754000 -67.662600 235.571300
-60.208980 239.903300 -64.178530 235.797000
-57.561130 240.056500 -60.703090 236.024200
-55.002920 240.208900 -60.631260 236.018700
-52.461970 240.385500 -57.238930 236.276600
-49.960260 240.516300 -53.720270 236.520900
-47.478300 240.661600 -50.424800 236.765100
-45.048220 240.827100 -50.597730 236.737600
-42.654540 241.018700 -47.347440 236.979900
-40.374760 241.236000 -44.142620 237.244400
-38.244120 241.461500 -41.233920 237.505600
-36.175260 241.674900 -41.153610 237.510500
-34.127460 241.881500 -38.376240 237.761700
-32.155730 242.064400 -35.625200 238.003500
-30.336300 242.239600 -33.122850 238.200100
-28.681680 242.373000 -33.117650 238.203500
-27.206340 242.453700 -30.880500 238.351100
-25.872110 242.479300 -28.949320 238.436800
-24.684510 242.456000 -27.308180 238.440000
-23.636810 242.368500 -26.361840 238.408500
-22.745080 242.231200 -25.686710 238.338400
-22.034710 242.112400 -24.901820 238.281200
-21.516180 241.984700 -24.371160 238.208700
-21.032600 241.835100 -23.854560 238.114600
-20.564160 241.692800 -23.472960 238.008400
-20.103750 241.524500 -23.111680 237.917800
-19.551220 241.265200 -22.323520 237.670800
-18.853050 240.845400 -21.661710 237.375200
-18.086130 240.258100 -20.893440 236.909800
-17.299030 239.465900 -20.004620 236.239700
-16.585650 238.455900 -19.132560 235.300600
-15.980300 237.181700 -18.423950 234.199200
-15.551690 235.705600 -17.796530 232.720100
-15.237130 233.988000 -17.377510 231.062500
-15.035830 232.048700 -17.174680 229.754600
-14.902940 229.921400 -16.933990 227.051600
-14.851830 227.595900 -16.941030 227.087400
-14.812860 225.100600 -16.816400 223.931600
-14.790540 222.430100 -16.736470 220.454500
-14.744020 219.600800 -16.624960 216.702300
-14.681160 216.624600 -16.631410 216.659900
-14.559980 213.519300 -16.529850 212.699500
-14.405260 210.299000 -16.352260 208.457600
-14.244290 206.985200 -16.088910 204.047200
-14.036400 203.614200 -16.072380 204.104400
-13.812700 200.191300 -15.771590 199.759800
-13.591500 196.732600 -15.445430 195.215500
-13.354210 193.229500 -15.096140 190.482300
-13.126070 189.690000 -15.090720 190.423800
-12.916990 186.094000 -14.777480 185.739000
-12.731900 182.450100 -14.473830 180.858400
-12.566930 178.745200 -14.196720 175.913100
-12.396050 174.987200 -14.197800 176.057700
-12.227520 171.178900 -13.937290 170.993600
-12.071480 167.326000 -13.708600 165.842900
-11.901920 163.431800 -13.455500 160.572300
-11.720260 159.530400 -13.443140 160.571500
-11.528050 155.601800 -13.194690 155.402100
-11.343440 151.642400 -12.917480 150.108700
-11.142960 147.689600 -12.581000 144.834300
-10.896520 143.749200 -12.627200 144.845300
-10.650260 139.827200 -12.301210 139.628500
-10.410780 135.927300 -11.982480 134.462900
-10.197030 132.060800 -11.640470 129.393000
-9.983675 128.271600 -11.662230 129.469000
-9.768507 124.586400 -11.328250 124.456600
-9.557928 121.055300 -11.011960 119.666400
-9.369618 117.693700 -10.744860 115.132300
-9.200535 114.472100 -10.736720 115.141000
-9.061229 111.449400 -10.515240 111.091700
-8.931383 108.631000 -10.306840 107.224600
-8.810192 106.036100 -10.118410 103.803900
-8.714586 103.666700 -10.134960 103.853400
-8.579986 101.489100 -9.880950 99.263010
-8.297513 99.529500 -9.665014 97.329610
-7.822238 97.787860 -9.327069 95.864200
-7.139675 96.220460 -8.807122 94.356560
-6.241788 94.829150 -8.101047 92.963100
-5.158326 93.620760 -7.192828 91.653160
-3.910527 92.633660 -6.089880 90.617870
-2.475933 91.875730 -4.828147 89.778290
-0.953585 91.376990 -3.503032 89.207280
0.610299 91.091770 -1.995373 88.817750
2.208440 90.915010 -0.484821 88.609040
3.858709 90.805900 0.491200 88.548340
5.610331 90.710490 2.750606 88.473680
7.446192 90.618500 2.750606 88.473680
9.399524 90.501180 5.208118 88.425700
11.479730 90.400480 7.928937 88.380330
13.711860 90.309310 10.884260 88.343020
16.085620 90.296110 10.884260 88.343020
18.596670 90.402150 14.095020 88.377360
21.177450 90.596610 16.674230 88.509610
23.779620 90.826670 20.220900 88.787960
26.353250 91.014620 23.707310 89.093610
28.915710 91.120230 26.310560 89.244130
31.447940 91.111230 28.912020 89.333500
33.964420 90.997740 31.413040 89.298240
36.481320 90.800320 31.413040 89.298240
39.031160 90.580100 34.803860 89.111800
41.656720 90.362430 38.176360 88.892090
44.342960 90.161050 41.706170 88.660070
47.042730 89.971080 41.706170 88.660070
49.732130 89.736970 45.415940 88.455040
52.379280 89.354210 49.878410 88.062110
54.968500 88.786820 51.515350 87.796070
57.486950 88.064510 54.910880 87.044380
59.967010 87.222230 56.593840 86.569630
62.489200 86.306720 59.135610 85.749310
64.987970 85.371870 62.545210 84.546160
67.548010 84.410830 62.545210 84.546160
70.135210 83.400150 66.013490 83.326520
72.720960 82.281930 69.521680 81.980630
75.294640 81.026180 71.364410 81.227150
77.934750 79.678800 74.038490 79.990550
80.595120 78.300090 77.533840 78.252480
83.237810 76.927920 81.082340 76.480250
85.840430 75.538820 81.117430 76.447820
88.369180 74.062970 84.613530 74.634700
90.792620 72.508150 88.785570 72.189280
93.104350 70.855730 90.416310 71.136820
95.308540 69.114830 91.866160 70.100070
97.416180 67.330560 94.086390 68.432660
99.451290 65.590790 96.869470 66.159900
101.380500 63.966620 99.533690 63.986330
103.192500 62.514710 99.531320 63.965380
104.866600 61.221030 101.939300 62.084420
106.472000 59.956760 103.985300 60.531030
108.065900 58.674990 106.203000 58.847920
109.621000 57.400470 106.211100 58.842930
111.184000 56.090510 108.307100 57.180070
112.797400 54.718930 110.499200 55.398620
114.495000 53.301690 112.741000 53.542170
116.281700 51.901960 112.683100 53.591060
118.184900 50.515520 115.093900 51.702870
120.173200 49.100540 117.691800 49.808720
122.242200 47.599320 120.495400 47.800140
124.364600 46.028410 120.447000 47.835750
126.576200 44.378130 123.369900 45.752470
128.856800 42.670770 126.342200 43.592930
131.194400 40.922780 129.551800 41.214550
133.518000 39.194000 129.468500 41.275030
135.848000 37.430390 132.633800 38.950540
138.166000 35.691480 135.614100 36.800270
140.513900 34.021560 138.787500 34.540390
142.832700 32.348190 138.843800 34.494030
145.118800 30.675490 141.963000 32.266470
147.378500 28.982770 145.021200 30.058140
149.616700 27.299000 148.046200 27.831570
151.798300 25.672770 148.081900 27.812870
153.870900 24.103060 150.975900 25.701480
155.795100 22.599360 153.642700 23.740810
157.567100 21.175120 155.483700 22.335860
159.120100 19.881740 157.809100 20.516450
160.555500 18.690110 159.240100 19.379830
162.010800 17.662520 160.725900 18.315670
163.579600 16.891220 162.244600 17.439240
165.181700 16.359800 163.807700 16.805130
166.884400 16.039170 165.489100 16.370280
168.667400 15.922110 167.239900 16.114820
170.525800 15.941800 168.439000 16.047510
172.440200 15.971130 170.405800 16.006610
174.444000 15.959010 173.052300 15.992850
176.477000 15.903350 173.039900 16.007240
178.585300 15.796770 175.743400 15.944590
180.750600 15.659270 178.563900 15.804280
182.953800 15.464370 181.512100 15.600510
185.219000 15.302340 181.551400 15.597990
187.511200 15.130490 184.578200 15.370080
189.813900 14.959210 187.641100 15.169680
192.113700 14.776240 190.731200 14.972340
194.461000 14.578040 190.761300 14.960480
196.830900 14.362970 193.939500 14.748720
199.263300 14.116070 197.177500 14.491670
201.755200 13.869800 200.494900 14.209340
204.262600 13.617820 200.402700 14.210230
206.796000 13.389100 203.734900 13.914100
209.305700 13.173480 207.185000 13.643360
211.854500 12.979730 210.580500 13.400610
214.376000 12.800540 210.575500 13.419530
216.944700 12.587920 213.955400 13.193730
219.523300 12.357330 217.403200 12.927660
222.151900 12.137010 220.910600 12.670140
224.809100 11.944950 220.890600 12.669100
227.484300 11.736780 224.402100 12.418020
230.174800 11.491230 228.036700 12.145500
232.863400 11.232370 231.645500 11.864490
235.563700 10.991120 231.662800 11.857420
238.224400 10.719920 235.277700 11.548010
240.885600 10.467360 238.892800 11.239540
243.500800 10.248770 242.413200 10.945560
246.090800 10.042910 242.348100 10.955730
248.655600 9.850928 245.845700 10.708360
251.153900 9.672126 249.220100 10.480510
253.551400 9.508367 252.454200 10.289990
255.833600 9.349230 252.416300 10.292190
257.979200 9.197519 255.333100 10.139200
259.925700 8.975124 258.258300 9.953639
261.610100 8.662332 260.863300 9.750891
263.292600 8.350028 262.622000 9.532749
264.972800 8.038313 264.295200 9.263465
266.652900 7.726849 265.878500 8.973638
268.329600 7.415961 265.878500 8.973638
269.438900 7.121329 267.639200 8.571769
270.377700 6.915676 268.978700 8.256100
271.180200 6.803106 269.850400 8.080604
271.947400 6.781844 270.892800 7.928423
272.708500 6.863175 271.642500 7.897137
273.448300 7.056585 272.359700 7.943950
274.160100 7.353067 273.061800 8.089532
274.935400 7.808509 273.924000 8.407437
275.651000 8.694219 274.714800 8.920622
276.215400 9.977662 275.482700 9.626905
276.761000 11.251270 276.094300 10.505760
277.289300 12.511500 276.710300 11.771360
277.801400 13.754730 277.262700 13.314880
278.292200 14.983130 277.574000 14.431320
278.599900 16.875040 278.073000 16.986560
278.816600 18.943450 278.260100 18.405150
279.006400 21.212700 278.379500 19.806830
279.118800 23.659890 278.593700 23.070710
279.256900 26.256370 278.756000 26.536250
279.430000 28.981770 278.756000 26.536250
279.623300 31.776040 278.941100 30.172280
279.815000 34.640650 279.175800 33.923940
280.047600 37.595490 279.467700 37.758580
280.271300 40.561180 279.467700 37.758580
280.485600 43.591550 279.764800 41.785440
280.691200 46.638240 280.063600 45.896080
280.894200 49.698950 280.347800 49.993650
281.109600 52.745410 280.347800 49.993650
281.323700 55.822110 280.630200 54.117760
281.535500 58.894460 280.917900 58.082630
281.790400 61.973850 281.235100 62.176200
282.088900 65.030150 281.235100 62.176200
282.317100 68.123450 281.588300 66.218700
282.523800 71.175790 281.893300 70.345790
282.680600 74.245110 282.148000 74.391890
282.864900 77.282640 282.148000 74.391890
283.098500 80.325530 282.402100 78.452110
283.357100 83.339010 282.678800 82.493740
283.604700 86.365770 282.969500 86.508250
283.852400 89.345300 282.969500 86.508250
284.129800 92.361340 283.274800 90.467010
284.430300 95.340960 283.651300 94.388020
284.793000 98.335460 284.081000 98.307340
285.237200 101.285500 284.081000 98.307340
285.688600 104.203600 284.621800 102.266200
286.157800 107.095500 285.219700 106.078600
286.641700 109.957100 285.829200 109.909300
287.077000 112.802800 285.829200 109.909300
287.491000 115.592900 286.407600 113.691600
287.920600 118.337900 286.893700 117.240000
288.317100 120.935900 287.399600 120.878000
288.710200 123.463200 287.399600 120.878000
289.134900 125.865300 287.854700 124.218600
289.590600 128.118300 288.375500 127.336600
290.058800 130.182800 288.814500 129.512500
290.523700 132.039000 289.251800 131.460300
291.010300 133.731900 289.828200 133.770900
291.438700 135.309900 289.834100 133.731600
291.855800 136.891800 290.416700 135.977800
292.123900 138.490000 291.037500 138.611400
292.239500 140.068500 291.231300 140.035600
292.127600 141.676900 291.234100 141.630400
291.029500 143.108800 291.009300 143.217700
289.928700 144.505800 290.517300 144.820500
288.831900 145.870700 289.753300 146.215900
287.745100 147.203900 288.658400 147.595200
286.674200 148.508400 287.233000 148.878600
285.218400 149.615700 285.465000 150.022000
283.264400 150.526800 284.272400 150.641400
281.243600 151.472100 281.719100 151.900900
279.142200 152.489200 281.672800 151.910600
276.943000 153.583500 278.840900 153.328800
274.640200 154.780100 275.758900 154.899700
272.241200 156.074700 272.669900 156.525100
269.752700 157.422000 272.708100 156.511300
267.236600 158.807600 269.388600 158.287800
264.684300 160.222400 265.948700 160.166500
262.160600 161.709300 262.614100 162.101400
259.725100 163.293400 260.076300 163.677700
257.349900 164.952800 257.672300 165.298000
255.011000 166.651500 257.761800 165.244200
252.619500 168.351100 254.585900 167.504800
250.164300 170.018200 251.312200 169.774200
247.682300 171.635900 248.014100 171.938900
245.126300 173.224000 245.502100 173.463900
242.548800 174.722000 245.430300 173.518600
239.945500 176.172300 242.020200 175.478000
237.309700 177.571800 238.548000 177.356600
234.693200 178.932100 234.960600 179.229100
232.104300 180.305600 235.016700 179.209300
229.551600 181.658600 231.557700 181.013900
227.043200 183.024800 228.205600 182.794800
224.579500 184.376400 224.853300 184.605300
222.160200 185.672600 224.825100 184.633200
219.814700 186.944300 221.598200 186.365100
217.579200 188.137300 218.514400 188.009300
215.410800 189.259700 215.648500 189.517800
213.403600 190.277900 215.625200 189.520900
211.527100 191.221900 213.116900 190.794000
209.817600 192.095800 210.723700 191.994100
208.297700 192.868100 208.702800 193.013700
206.968200 193.578400 208.751700 192.975000
205.865300 194.206200 206.862500 193.959000
204.973800 194.747600 205.502800 194.700800
204.316300 195.181100 204.827700 195.088700
203.737400 195.602300 204.238800 195.465700
203.210200 196.105800 203.532800 195.917300
202.696800 196.620600 202.756100 196.473200
202.144200 197.133000 202.844200 196.422100
201.473700 197.759400 202.159500 196.971200
200.573200 198.528800 200.940900 197.939100
199.482000 199.428500 199.522200 199.111100
198.198700 200.446700 198.272100 200.128900
196.761100 201.508800 196.883300 201.187700
195.184900 202.599000 195.325800 202.290700
193.288100 203.734200 193.589600 203.432300
191.283500 204.885300 191.764400 204.525600
189.279000 206.036300 191.754200 204.533300
187.275300 207.186700 189.075100 206.077100
185.272600 208.336500 186.294200 207.630900
183.204100 209.508400 183.352700 209.239100
180.929900 210.774300 183.351900 209.236500
178.619300 212.048100 180.292100 210.951500
176.321500 213.330200 177.214300 212.653700
174.024500 214.608700 174.114500 214.381900
171.754700 215.878900 174.130700 214.365600
169.515300 217.138500 171.127500 216.028900
167.327500 218.336000 168.164500 217.673600
165.285500 219.466500 165.414900 219.174300
163.394800 220.485400 165.380300 219.195700
161.653300 221.359700 162.928200 220.505600
160.045000 222.107800 160.727500 221.613000
158.407800 222.712800 158.572800 222.552100
156.741800 223.119400 156.834700 223.129100
155.079700 223.337300 155.038700 223.518700
153.375200 223.375200 153.297500 223.687300
151.587600 223.291200 152.071800 223.694900
149.703300 223.122300 150.839800 223.650000
147.697400 222.947800 148.229600 223.472900
145.559400 222.768000 145.318200 223.230800
143.255100 222.576300 145.327600 223.238300
140.825300 222.367500 142.203900 222.987800
138.238300 222.212600 138.749200 222.740300
135.505900 222.075700 135.087300 222.557300
132.663600 221.969500 135.115000 222.552600
129.720900 221.858000 131.375400 222.403500
126.663200 221.699300 127.276900 222.246800
123.629900 221.554900 123.179100 222.090200
120.566400 221.374500 123.217700 222.090700
117.510800 221.171400 119.154600 221.890700
114.517900 220.968300 115.180800 221.651800
111.525900 220.772200 111.160900 221.409500
108.601100 220.585800 111.120600 221.410600
105.691500 220.424200 107.265700 221.188100
102.797100 220.263800 103.307100 220.979100
99.942900 220.117000 99.461550 220.798500
97.108700 219.956700 99.449950 220.800400
94.343720 219.761900 95.638810 220.600600
91.704060 219.564100 91.956530 220.397700
89.187440 219.382600 88.572390 220.152400
86.853370 219.207900 88.736280 220.173400
84.722070 219.078600 85.519220 219.939200
82.768890 219.013700 82.709230 219.742900
80.972640 219.075500 80.257240 219.692100
79.229300 219.254500 78.541200 219.804100
77.556090 219.622800 76.749250 220.056400
75.960560 220.193700 75.029310 220.514300
74.503440 221.032800 73.450980 221.203300
73.247040 222.197000 72.167950 222.126400
72.168900 223.540300 70.997630 223.301700
71.281570 225.143300 69.959310 224.758900
70.601490 226.926700 69.137160 226.456800
70.127700 228.840900 68.517220 228.371800
69.878300 230.896400 68.280450 229.669100
69.713240 233.064700 67.980050 232.562000
69.624990 235.277300 67.873770 234.845900
69.560920 237.559500 67.885370 234.803500
69.520270 239.919800 67.821030 237.895500
69.480170 242.355500 67.726550 241.139500
69.422430 244.904300 67.638880 244.525200
69.286960 247.537300 67.628420 244.572200
69.141070 250.228700 67.475220 248.063200
68.999880 253.025600 67.313600 251.741600
68.856910 255.930900 67.152270 255.568600
68.703600 258.907800 67.146340 255.651000
68.517870 262.029500 66.989750 259.688500
68.350620 265.186400 66.824980 263.828000
68.163940 268.396000 66.636060 268.082000
67.965540 271.613500 66.638060 268.133100
67.785340 274.806600 66.412700 272.447300
67.592920 277.988600 66.203690 276.754000
67.386620 281.166500 65.981440 280.969500
67.179990 284.300900 65.975980 281.045900
66.973690 287.456300 65.743870 285.157100
66.759970 290.605100 65.513170 289.309900
66.549740 293.741800 65.314190 293.469000
66.346760 296.850700 65.317320 293.503800
66.146280 299.919800 65.119500 297.402500
65.909190 302.991000 64.902640 301.538800
65.661260 306.016700 64.637130 305.581900
65.383130 309.038800 64.632480 305.582400
65.047660 312.028400 64.326520 309.478300
64.674680 315.008300 63.944190 313.392900
64.241860 317.963200 63.472240 317.336400
63.806810 320.916600 63.476800 317.430500
63.420100 323.896000 62.970140 321.389400
63.075590 326.901600 62.521290 325.308800
62.777190 329.896600 62.165040 329.284400
62.594940 332.932100 62.149470 329.294400
62.454760 335.950600 61.882880 333.338300
62.310500 338.994000 61.657130 337.369200
62.164400 342.041400 61.484910 341.412800
62.032770 345.031500 61.478970 341.558800
61.912010 348.006900 61.305320 345.520900
61.789860 350.918300 61.153300 349.535200
61.707910 353.706100 61.020300 353.302600
61.613990 356.391400 61.018410 353.247300
61.552410 358.953500 60.924230 356.771900
61.565970 361.378700 60.880760 360.136500
61.590200 363.597500 60.913920 363.183300
61.625890 365.650000 60.905700 363.087900
61.641400 367.672700 60.966810 365.890600
61.643910 369.692400 61.003010 368.565000
61.558330 371.675600 60.982220 370.552600
61.361890 373.698200 60.881240 372.559000
61.080590 375.805500 60.766220 373.949600
60.745070 378.022000 60.500260 376.154400
60.413740 380.393600 60.082800 379.186900
60.147400 382.875100 59.673500 382.475100
59.937190 385.515500 59.411070 385.152800
59.814310 388.251900 59.281340 387.909600
59.766100 391.128100 59.281340 387.909600
59.764420 394.096900 59.198450 391.701200
59.747220 397.211000 59.169960 395.816900
59.696040 400.418200 59.129250 400.063800
59.615900 403.624200 59.129250 400.063800
59.476640 406.849000 59.030480 404.254000
59.320890 410.042500 58.857760 408.802600
59.145110 413.205600 58.658960 412.821500
58.968930 416.364600 58.658960 412.821500
58.806860 419.496400 58.439560 417.049000
58.627840 422.584600 58.237940 421.241200
58.480820 425.636500 58.047660 425.386600
58.342980 428.577300 58.047660 425.386600
58.179110 431.377400 57.870240 429.368600
57.995810 434.043700 57.692290 433.016200
57.753920 436.572100 57.441380 436.373700
57.470620 438.947800 57.441380 436.373700
57.148870 441.181700 57.119650 439.537700
56.787470 443.237900 56.729200 442.395800
56.419550 445.075600 56.301060 444.942600
56.186420 446.732100 56.047480 446.607000
56.373540 448.149300 55.935480 448.031900
57.096360 449.280500 56.007630 449.438900
57.797660 450.368100 56.316120 450.753300
58.469280 451.417300 56.868420 451.955700
59.099960 452.419000 57.627230 452.826400
59.693890 453.395700 58.483010 453.476400
60.829550 453.823400 59.406170 453.960100
62.117600 454.031500 60.669090 454.370800
63.555790 454.181300 62.157190 454.614300
65.165260 454.224000 63.049800 454.655600
66.918750 454.288600 65.378320 454.752000
68.815140 454.380000 65.378320 454.752000
70.861760 454.481400 67.935850 454.830600
73.024940 454.593700 70.758510 454.962800
75.355670 454.739600 73.887890 455.150900
77.804190 454.892700 73.887890 455.150900
80.358960 455.052400 77.112200 455.348100
83.002440 455.239300 80.495400 455.572200
85.770950 455.413200 84.211810 455.807700
88.576960 455.537100 84.211810 455.807700
91.445490 455.682100 87.940050 455.982100
94.360010 455.843500 91.763150 456.184200
97.273730 456.002300 95.700430 456.395200
100.205200 456.167400 95.700430 456.395200
103.127500 456.340300 99.659240 456.600000
106.027500 456.485500 103.636900 456.819800
108.937600 456.607600 107.644000 456.996800
111.801100 456.761000 107.644000 456.996800
114.663200 456.917400 111.265200 457.164900
117.476100 457.050500 115.006900 457.358200
120.235700 457.204700 118.627200 457.541100
122.966100 457.385600 118.627200 457.541100
125.683400 457.589900 122.267900 457.753400
128.360800 457.860800 125.890900 458.022900
130.996800 458.220100 128.510000 458.296800
133.617900 458.652700 131.143100 458.666500
136.184300 459.149000 134.561600 459.269100
138.747700 459.707800 134.627800 459.278700
141.245600 460.326800 137.818000 459.944200
143.730000 461.004600 140.325400 460.547700
146.138800 461.754900 142.980100 461.245500
148.533300 462.601100 146.164000 462.247800
150.875400 463.493900 149.419800 463.378400
153.185400 464.427100 149.419800 463.378400
155.466500 465.389800 152.532000 464.575600
157.706600 466.401400 155.599600 465.856700
159.890600 467.475000 157.869300 466.902700
162.026600 468.596800 160.755900 468.340600
164.086300 469.739700 162.774400 469.445600
166.113000 470.938000 164.813100 470.629200
168.030000 472.130000 164.899000 470.659400
169.790400 473.311900 167.452600 472.243700
171.405900 474.441600 169.785800 473.818800
172.855100 475.469200 171.761300 475.201000
174.154100 476.359800 171.715400 475.183100
175.306100 477.078500 174.155200 476.820100
176.328600 477.623500 174.885400 477.233400
177.349500 478.091100 176.244600 477.941800
178.418800 478.406500 177.239800 478.310000
179.483300 478.557800 178.273900 478.604700
180.532000 478.545600 179.305800 478.740700
181.664800 478.384600 180.434700 478.735300
182.853600 478.068600 181.650500 478.573300
184.062500 477.505100 182.961600 478.138800
185.324000 476.651900 184.208400 477.455500
186.626300 475.461000 185.514800 476.414300
188.001900 474.001700 186.944700 475.008900
189.455200 472.316500 187.936500 473.912300
190.983500 470.404200 189.558600 471.995400
192.628300 468.328400 191.790800 469.209700
194.407600 466.101300 191.713200 469.263100
196.244800 463.736100 194.050200 466.255100
198.105400 461.325800 196.390800 463.173300
199.985200 458.920500 198.906600 459.844600
201.876600 456.527900 198.915200 459.854500
203.779600 454.144500 201.422200 456.623500
205.684800 451.785300 203.927200 453.460100
207.587600 449.439600 206.353100 450.445100
209.486400 447.113900 206.255400 450.552200
211.359400 444.786300 208.758900 447.416200
213.214900 442.474200 211.361100 444.177100
215.069500 440.180800 213.745000 441.221200
216.924900 437.908400 213.821300 441.110900
218.830200 435.603200 216.306100 438.040700
220.784100 433.242000 218.678100 435.119100
222.789700 430.840100 221.469500 431.746400
224.813600 428.408200 221.435100 431.771600
226.833500 425.995400 224.130900 428.467600
228.852900 423.583200 226.858500 425.161300
230.871600 421.171900 229.535500 421.937700
232.891600 418.759100 229.449200 422.034600
234.910900 416.347200 232.132300 418.826400
236.823000 414.107800 234.758600 415.726000
238.394100 412.113700 237.080500 412.939400
239.552300 410.295700 237.006800 413.043500
240.709400 408.481300 239.111900 410.433600
241.865700 406.670700 241.077400 407.692500
243.022600 404.863700 242.077900 405.985200
243.966000 403.113100 242.716500 404.356400
244.092200 401.451800 243.068400 402.620100
243.761300 399.751700 242.940900 401.303000
243.150200 398.275400 242.532800 399.934400
242.226700 396.884600 241.818200 398.536000
241.061000 395.599800 240.812000 397.170400
239.705900 394.403400 239.564000 395.917300
238.175300 393.294500 238.010300 394.645700
236.419400 392.300600 236.268700 393.534800
234.459400 391.403600 234.285700 392.559100
232.296800 390.642000 232.854200 391.964100
229.928300 389.982900 229.790600 390.986600
227.393300 389.389600 228.102200 390.536800
224.668900 388.898300 224.469600 389.795700
221.793400 388.499000 221.568600 389.346200
218.753000 388.110100 221.617700 389.374100
215.598900 387.729100 217.502700 388.870400
212.374300 387.364600 213.213100 388.407300
209.090300 387.016800 208.828900 387.963000
205.769200 386.697400 208.780400 387.957600
202.412600 386.399000 204.334600 387.562200
199.045700 386.119600 199.759200 387.203100
195.673600 385.866600 195.192300 386.903200
192.318400 385.628000 195.371500 386.939400
188.992700 385.419600 190.870700 386.675600
185.689500 385.243800 186.404400 386.444500
182.429100 385.082400 182.055800 386.238900
179.191400 384.930500 182.155400 386.191600
175.998400 384.780500 177.835000 386.025500
172.833800 384.646900 173.521100 385.822500
169.703100 384.518800 169.485400 385.685200
166.621100 384.405900 169.516400 385.657100
163.623500 384.321500 165.338000 385.487000
160.758900 384.263600 161.421800 385.368000
158.068600 384.244300 158.029200 385.298400
155.559000 384.244400 158.018900 385.324100
153.212500 384.204900 154.564000 385.289800
151.033700 384.091400 151.510700 385.209400
149.059400 383.872700 149.440800 385.074700
147.360800 383.500700 147.351700 384.819100
145.917000 382.883100 145.986100 384.382600
144.682600 382.019000 144.655300 383.735400
143.726400 380.925400 143.507600 382.785300
143.040100 379.649600 142.746600 381.729300
142.611000 378.230900 142.154900 380.462800
142.361800 376.682500 141.715800 378.906500
142.230400 374.988900 141.495300 377.329700
142.149700 373.190200 141.389400 376.227000
142.129800 371.279100 141.288000 374.355500
142.119000 369.215000 141.222200 371.599600
142.117500 367.008300 141.225000 371.663800
142.176700 364.637300 141.210200 368.687300
142.269700 362.110400 141.268000 365.349100
142.373000 359.411700 141.375000 361.757200
142.526800 356.549700 141.373300 361.839600
142.692500 353.551700 141.544900 358.014500
142.835600 350.477000 141.736700 353.941500
143.009300 347.339000 141.931900 349.805300
143.169400 344.158300 141.934600 349.726400
143.356400 340.955400 142.122600 345.449700
143.556100 337.763600 142.355900 341.150600
143.732800 334.563700 142.581000 336.859400
143.935400 331.393800 142.586000 336.894500
144.158000 328.197900 142.793900 332.628500
144.356600 324.983500 142.981500 328.443100
144.534000 321.695300 143.179000 324.068400
144.698000 318.364400 143.181800 324.177100
144.878900 314.970200 143.355800 319.717900
145.081700 311.522000 143.537900 315.271700
145.301800 308.031600 143.733600 310.684800
145.503800 304.508000 143.748900 310.583200
145.708200 300.964000 143.942700 305.850000
145.923800 297.408500 144.137000 300.986400
146.152500 293.882800 144.345200 296.292300
146.390400 290.389700 144.355300 296.393900
146.613600 286.900400 144.584900 291.784100
146.826100 283.435200 144.850800 287.054800
147.033100 279.993600 145.077900 282.430200
147.244600 276.532600 145.074100 282.389700
147.422700 273.125800 145.290900 277.816200
147.582500 269.770200 145.476300 273.248200
147.765000 266.399500 145.665700 268.805300
147.954700 263.099000 145.676200 268.687400
148.136400 259.853200 145.877200 264.408600
148.303900 256.631500 146.049000 260.025400
148.483600 253.495400 146.190200 255.768200
148.645900 250.505500 146.208100 255.768500
148.802900 247.619800 146.396000 251.713600
148.957100 244.924000 146.566500 247.948700
149.120900 242.376200 146.740300 244.507600
149.300100 239.994300 146.767800 244.514700
149.468000 237.816200 146.927900 241.487600
149.628100 235.849500 147.111500 238.779500
149.788500 234.085500 147.290200 236.369200
149.888300 232.499000 147.289500 236.402100
149.886700 231.066100 147.463600 233.312800
149.728600 229.773800 147.380600 231.993300
149.399000 228.552100 147.186300 230.703400
148.906200 227.392400 146.833900 229.616200
148.257000 226.334800 146.340500 228.509600
147.397200 225.347400 145.631700 227.408300
146.332100 224.463300 144.706800 226.362800
145.054700 223.731900 143.583000 225.516500
143.556900 223.139100 142.178900 224.742800
141.904100 222.690300 140.615500 224.154900
140.095400 222.406000 139.454200 223.856400
138.122500 222.217700 136.994000 223.471100
135.967800 222.085700 134.821900 223.270200
133.621000 221.981100 134.848700 223.267800
131.136500 221.929900 131.686100 223.075100
128.449800 221.891200 128.189700 222.965500
125.589200 221.860300 124.461000 222.855300
122.658800 221.839300 124.466400 222.854300
119.664900 221.789800 120.492900 222.746600
116.644100 221.711700 116.374400 222.612700
113.625600 221.625200 112.467400 222.425000
110.649400 221.433200 112.348800 222.449000
107.726500 221.225500 108.378200 222.225400
104.789800 221.038600 104.486000 222.025800
101.892600 220.868000 100.639900 221.792300
99.026160 220.712600 100.679000 221.774000
96.193030 220.537100 96.851250 221.602000
93.396190 220.385800 93.114780 221.432600
90.728710 220.262100 89.507980 221.236900
88.234040 220.149200 89.568110 221.227700
85.997980 219.985500 86.299230 221.064000
84.015240 219.854900 83.470590 220.933900
82.322020 219.740900 81.193390 220.835200
80.851380 219.691700 81.156900 220.802400
79.466870 219.724100 78.258590 220.778800
78.094210 219.912400 76.878070 220.870400
76.794600 220.239500 75.494440 221.114900
75.546160 220.757700 74.291970 221.472600
74.382630 221.428600 73.039910 221.992800
73.268960 222.354700 71.844630 222.750800
72.271920 223.460600 70.861480 223.629900
71.423800 224.790900 69.891660 224.749500
70.764820 226.271900 69.121360 226.030300
70.238320 227.726300 68.486710 227.450800
69.877040 229.218200 68.038210 228.918100
69.661770 230.754000 67.805820 229.967800
69.533100 232.343200 67.549500 232.086400
69.443340 233.967200 67.478230 233.585900
69.378840 235.601500 67.469170 233.599400
69.230100 237.232000 67.364380 235.792800
68.978710 238.847800 67.126250 238.442000
68.575100 240.383400 66.832880 239.986700
67.988300 241.693300 66.383050 241.340500
67.125370 242.831100 65.743640 242.590400
66.086350 243.807300 64.885040 243.750200
64.869540 244.556500 63.779870 244.665000
63.555630 245.119600 62.592100 245.344500
62.083690 245.413500 61.212850 245.815800
60.547830 245.534100 59.662790 246.079800
58.935830 245.520200 58.033470 246.180400
57.176410 245.424300 56.214150 246.170000
55.257350 245.305300 56.275890 246.161600
53.159480 245.201200 53.549790 246.070500
50.886640 245.111400 50.550830 245.995200
48.434380 245.035100 47.776830 245.898700
45.820140 244.963800 47.744520 245.890600
43.069320 244.864300 44.210810 245.790600
40.172070 244.723800 40.463650 245.664400
37.102630 244.568400 36.399460 245.469200
33.924070 244.386000 36.393060 245.482600
30.676330 244.183900 32.136530 245.267800
27.438540 243.994200 27.816870 245.067200
24.208570 243.837400 23.467440 244.845000
20.993490 243.649100 23.510620 244.850600
17.816250 243.415700 19.199680 244.626300
14.692700 243.167700 14.867770 244.387400
11.645960 242.907900 10.913200 244.083200
8.749169 242.642400 10.876640 244.072500
6.011306 242.398200 7.028257 243.796900
3.474518 242.182200 3.237295 243.525100
1.168286 241.992600 0.259567 243.331600
-0.898771 241.821000 0.390109 243.344000
-2.696521 241.698400 -2.307476 243.146200
-4.190561 241.640100 -4.588184 243.010800
-5.386511 241.629500 -6.171890 242.973000
-6.326933 241.660000 -7.036802 242.969000
-7.082572 241.712200 -7.802692 242.992300
-7.774661 241.792800 -8.704632 243.032000
-8.447696 241.919900 -8.890032 243.106400
-9.095550 242.094400 -9.672399 243.246900
-9.780101 242.353600 -10.396820 243.426100
-10.603980 242.792800 -11.130790 243.720100
-11.498330 243.420200 -12.007450 244.171300
-12.344280 244.279900 -12.968230 244.860500
-13.099550 245.362100 -13.888770 245.811200
-13.710790 246.730700 -14.533310 246.941400
-14.152340 248.336800 -15.148970 248.496500
-14.411960 250.183800 -15.526700 250.311000
-14.511960 252.255000 -15.705440 252.434400
-14.575160 254.543600 -15.694490 252.416400
-14.644070 257.034400 -15.762900 255.505700
-14.710490 259.717600 -15.827260 258.968100
-14.807480 262.576000 -15.929260 262.725200
-14.929060 265.663300 -15.926650 262.776400
-15.020770 268.902000 -16.044030 266.960400
-15.143050 272.307400 -16.186850 271.380700
-15.261360 275.830800 -16.356720 276.063300
-15.391430 279.433500 -16.361750 276.033500
-15.541770 283.128600 -16.566190 280.886200
-15.703140 286.824000 -16.798460 285.869900
-15.887430 290.565600 -17.039760 290.842900
-16.052460 294.301700 -17.030170 290.905700
-16.203910 298.051600 -17.265860 295.924800
-16.370630 301.836700 -17.469900 300.966000
-16.534560 305.629900 -17.653760 306.076500
-16.702490 309.430600 -17.653280 306.064600
-16.858450 313.259100 -17.859320 311.225500
-17.014290 317.093800 -18.078500 316.348500
-17.160050 320.915200 -18.303170 321.486500
-17.310980 324.725600 -18.289090 321.272600
-17.457990 328.526000 -18.536290 326.427100
-17.601060 332.286400 -18.747880 331.598900
-17.752870 336.035700 -18.948050 336.613400
-17.907160 339.718900 -18.964320 336.457400
-18.082040 343.305300 -19.191520 341.479900
-18.248810 346.726900 -19.409370 346.086400
-18.437360 349.998500 -19.622790 350.525300
-18.609970 353.158900 -19.641130 350.461700
-18.743280 356.160100 -19.838200 354.776200
-18.844480 358.966600 -19.984150 358.653200
-18.920830 361.583300 -20.075220 362.195200
-18.977900 363.963900 -20.074170 362.197100
-19.028190 366.122800 -20.170960 365.416300
-19.109830 368.019200 -20.206110 368.090800
-19.234950 369.712600 -20.306560 370.368100
-19.469350 371.273700 -20.459840 371.857800
-19.959330 372.738000 -20.746630 373.209000
-20.737910 374.032800 -21.223040 374.301100
-21.748530 375.114300 -21.983650 375.480200
-22.999370 375.954500 -23.036840 376.440500
-24.432570 376.529200 -24.351280 377.172700
-25.999060 376.640200 -25.729520 377.539600
-27.700810 376.581400 -27.449740 377.637500
-29.445520 376.334500 -28.552330 377.561700
-31.324050 376.002400 -29.698590 377.412300
-33.327570 375.651900 -32.287880 377.000500
-35.535230 375.299200 -35.254250 376.540900
-37.913380 374.928500 -35.191520 376.549800
-40.461440 374.606400 -38.506150 376.081800
-43.164920 374.342500 -41.137570 375.787900
-46.026710 374.108500 -44.937640 375.497200
-49.018500 373.893500 -48.823560 375.258300
-52.125150 373.685600 -48.664870 375.289400
-55.328120 373.487200 -52.844440 375.075300
-58.571190 373.306100 -57.147100 374.881100
-61.844400 373.140600 -61.433700 374.699800
-65.129510 372.964200 -61.733230 374.676300
-68.399380 372.792300 -65.925880 374.497000
-71.648100 372.602400 -70.311090 374.278200
-74.879760 372.403400 -74.493670 374.084700
-78.075710 372.246500 -74.464050 374.064900
-81.234350 372.119900 -78.804380 373.865700
-84.322090 372.037600 -82.999910 373.736300
-87.256990 372.003100 -86.869950 373.662500
-90.036340 371.992600 -86.913350 373.659000
-92.685340 371.979800 -90.619550 373.642600
-95.303200 371.934900 -94.155470 373.622300
-97.879210 371.775500 -96.830210 373.569000
-100.461300 371.507400 -99.443920 373.395800
-103.108600 371.193900 -103.013900 373.047500
-105.833100 370.892600 -103.013900 373.047500
-108.706800 370.583900 -106.637100 372.656000
-111.689400 370.303500 -110.577000 372.294700
-114.861500 370.100500 -114.781400 372.000700
-118.160300 369.888800 -114.781400 372.000700
-121.555700 369.751600 -119.248400 371.776100
-125.105500 369.682800 -123.959500 371.632900
-128.655900 369.662400 -128.609700 371.598800
-132.212900 369.655400 -128.609700 371.598800
-135.720300 369.646000 -133.373600 371.612500
-139.236700 369.568300 -138.233100 371.599600
-142.708200 369.398800 -142.735100 371.460600
-146.178600 369.229000 -142.735100 371.460600
-149.596100 369.032200 -147.390900 371.272100
-153.029900 368.846700 -151.959100 371.067100
-156.414400 368.626400 -156.363800 370.814300
-159.755500 368.368000 -156.363800 370.814300
-163.085300 368.113500 -160.930300 370.511900
-166.350900 367.840000 -165.515600 370.191400
-169.584200 367.574400 -169.674100 369.888900
-172.772700 367.319800 -169.674100 369.888900
-175.957800 367.044400 -174.114500 369.570000
-179.172000 366.794400 -178.359400 369.266900
-182.395100 366.625100 -182.681700 369.017600
-185.647900 366.504400 -182.681700 369.017600
-188.933700 366.403700 -187.020200 368.856400
-192.245300 366.285600 -191.492800 368.742500
-195.589800 366.201200 -195.776100 368.657400
-198.981700 366.178900 -195.776100 368.657400
-202.399600 366.193500 -200.440700 368.642100
-205.821900 366.214600 -204.970500 368.713400
-209.221200 366.265600 -209.564900 368.780200
-212.590200 366.336400 -209.564900 368.780200
-215.920000 366.440200 -214.051000 368.879400
-219.137100 366.588000 -218.380300 369.055400
-222.203800 366.800800 -222.478300 369.333500
-225.144400 367.035800 -222.478300 369.333500
-227.921100 367.269900 -226.446000 369.652600
-230.560400 367.500400 -230.007700 369.982700
-232.963100 367.777100 -233.382400 370.351300
-235.114200 368.131900 -235.562000 370.665800
-237.069600 368.580600 -236.903400 370.924300
-238.822800 369.056200 -238.233200 371.204900
-240.419500 369.488100 -240.443800 371.793200
-241.887100 369.846500 -242.435600 372.326500
-243.204500 370.123400 -243.662800 372.626200
-244.444500 370.305300 -244.414800 372.805100
-245.674400 370.378700 -246.115400 373.050600
-246.871800 370.388100 -246.917200 373.121100
-248.075000 370.349200 -247.737600 373.157900
-249.348800 370.314100 -249.404100 373.151400
-250.648700 370.300100 -251.103100 373.144200
-251.933700 370.327900 -252.407900 373.159200
-253.209100 370.407200 -253.765900 373.222400
-254.457700 370.525800 -254.962600 373.316100
-255.594000 370.683100 -256.136200 373.452800
-256.592500 370.835900 -256.136200 373.452800
-257.560500 370.991800 -257.488900 373.667000
-258.510200 371.063700 -258.767500 373.860600
-259.453600 371.056600 -260.008500 373.983000
-260.482700 370.926700 -261.050500 373.992700
-261.590700 370.649400 -262.164500 373.847200
-262.743700 370.151400 -263.348000 373.504100
-263.924500 369.415100 -264.560700 372.983500
-265.073100 368.376200 -265.831500 372.123700
-266.121700 367.028000 -267.001900 370.941700
-267.007800 365.362600 -267.998100 369.439900
-267.746900 363.423200 -268.839800 367.648200
-268.340800 361.256100 -269.556600 365.512100
-268.808900 358.870500 -269.935700 364.004500
-269.143100 356.260600 -270.560400 360.537700
-269.364000 353.460400 -270.542500 360.630100
-269.628500 350.451000 -270.945000 356.787500
-269.898100 347.268500 -271.345300 352.627600
-270.167000 343.959200 -271.754700 348.305800
-270.432100 340.564500 -271.752200 348.225700
-270.679500 337.052300 -272.134200 343.559700
-270.895000 333.461700 -272.467200 338.911800
-271.055600 329.902500 -272.658300 335.363000
-271.176000 326.313600 -272.879000 330.641600
-271.251400 322.762400 -272.879000 330.641600
-271.280600 319.239400 -273.001500 326.041400
-271.249000 315.743100 -273.036900 321.412800
-271.155700 312.268400 -272.967300 316.585800
-271.030700 308.826000 -272.967300 316.585800
-270.853200 305.405300 -272.805200 312.157900
-270.620800 301.989900 -272.545500 307.475700
-270.339900 298.574000 -272.211000 302.905100
-270.033700 295.140000 -272.211000 302.905100
-269.673600 291.685400 -271.848200 298.454000
-269.279700 288.205800 -271.371700 293.812100
-268.845400 284.699700 -270.855000 289.138800
-268.359100 281.176700 -270.855000 289.138800
-267.830200 277.627700 -270.242600 284.398400
-267.259900 274.057300 -269.551600 279.654200
-266.639000 270.469100 -268.782400 274.839000
-265.946700 266.863000 -268.782400 274.839000
-265.197600 263.244200 -267.907400 269.983900
-264.373600 259.580700 -266.868600 265.039000
-263.496200 255.913700 -265.757400 260.174300
-262.579000 252.268700 -265.757400 260.174300
-261.578600 248.631700 -264.561500 255.479800
-260.543600 245.038000 -263.258600 250.721800
-259.463100 241.441900 -261.858500 245.841400
-258.338800 237.858000 -261.858500 245.841400
-257.174300 234.290800 -260.348000 240.960800
-255.948100 230.729700 -258.802400 236.221700
-254.680100 227.195300 -257.173100 231.521500
-253.365400 223.704600 -257.173100 231.521500
-252.024000 220.230700 -255.497300 226.912900
-250.667100 216.782300 -253.714400 222.210300
-249.287500 213.348300 -251.915800 217.602400
-247.875300 209.945400 -251.915800 217.602400
-246.421800 206.558700 -250.092300 213.079700
-244.916800 203.207700 -248.164300 208.560400
-243.384000 199.870800 -246.112200 203.907800
-241.813200 196.565100 -246.112200 203.907800
-240.196400 193.309900 -244.061400 199.537000
-238.542200 190.099200 -241.933500 195.225800
-236.861600 186.913700 -239.737200 190.981800
-235.165000 183.752000 -239.737200 190.981800
-233.429300 180.624500 -237.504500 186.803500
-231.622200 177.521500 -235.143600 182.566000
-229.743800 174.321000 -232.752200 178.450000
-227.826100 171.097900 -232.752200 178.450000
-225.852800 167.897800 -230.178000 174.162800
-223.810500 164.722600 -227.493500 169.876200
-221.724500 161.612100 -224.723300 165.673400
-219.613800 158.543000 -224.723300 165.673400
-217.478100 155.515000 -222.036400 161.729800
-215.316600 152.527500 -219.250500 157.769800
-213.150700 149.586800 -216.355400 153.756000
-210.962200 146.680800 -216.355400 153.756000
-208.737800 143.822600 -213.646000 150.130700
-206.471900 140.984900 -210.630800 146.266600
-204.155100 138.176200 -207.486700 142.396500
-201.784400 135.400600 -207.486700 142.396500
-199.366200 132.630100 -204.328400 138.652500
-196.890900 129.861700 -201.084500 134.930500
-194.370200 127.108500 -197.715800 131.195700
-191.775000 124.378600 -197.715800 131.195700
-189.124000 121.658100 -194.318700 127.564200
-186.413300 118.972100 -190.729600 123.857300
-183.652100 116.299900 -187.009700 120.156500
-180.833900 113.636200 -187.009700 120.156500
-177.941000 111.012300 -183.322000 116.598600
-175.004800 108.364000 -179.437100 113.016500
-172.053900 105.709500 -175.546400 109.484300
-169.069600 103.080200 -175.546400 109.484300
-166.066100 100.446500 -171.701200 106.047500
-163.075100 97.812220 -167.826700 102.647200
-160.138200 95.134100 -163.900500 99.134810
-157.200100 92.475810 -163.900500 99.134810
-154.275600 89.830860 -160.039000 95.626220
-151.375100 87.179520 -156.215300 92.127880
-148.492200 84.507520 -152.381700 88.595430
-145.590800 81.847270 -152.381700 88.595430
-142.660500 79.211590 -148.514500 85.029770
-139.724700 76.580210 -144.543400 81.409950
-136.784200 73.943950 -140.645400 77.874690
-133.841200 71.308100 -140.645400 77.874690
-130.910700 68.676740 -136.611300 74.223830
-127.984900 66.040280 -132.739800 70.716930
-125.063100 63.430430 -129.022600 67.336750
-122.156900 60.831360 -129.022600 67.336750
-119.245300 58.228170 -125.042300 63.730800
-116.347300 55.617720 -121.185700 60.258640
-113.455700 53.003780 -117.291700 56.723450
-110.532900 50.381290 -117.291700 56.723450
-107.626500 47.762710 -113.416000 53.219660
-104.694500 45.120130 -109.567400 49.756270
-101.763800 42.487340 -105.602000 46.199120
-98.798280 39.841630 -105.602000 46.199120
-95.852140 37.183550 -101.665600 42.679310
-92.880440 34.532400 -97.670430 39.094860
-89.902870 31.874270 -93.687560 35.530250
-86.914010 29.212990 -93.687560 35.530250
-83.926180 26.550970 -89.576380 31.845450
-80.937000 23.913040 -85.485850 28.194110
-77.954470 21.290830 -81.490400 24.622020
-74.988480 18.686980 -81.490400 24.622020
-72.057280 16.091360 -77.770720 21.314010
-69.169900 13.500340 -73.843140 17.818130
-66.299690 10.910920 -69.982240 14.321350
-63.479030 8.339491 -69.982240 14.321350
-60.679800 5.771217 -66.228370 10.915220
-57.915100 3.248503 -62.429660 7.420569
-55.221770 0.803962 -58.775870 4.033849
-52.611160 -1.543085 -58.775870 4.033849
-50.088880 -3.789114 -55.340000 0.888527
-47.643790 -5.973092 -52.229050 -1.930614
-45.315860 -8.034447 -49.100540 -4.746287
-43.113230 -9.933193 -49.100540 -4.746287
-41.031450 -11.662370 -46.200550 -7.277281
-39.046940 -13.214250 -43.516750 -9.543547
-37.082270 -14.591780 -41.015760 -11.455120
-35.097350 -15.760670 -39.134310 -12.686470
-33.058170 -16.673330 -37.165210 -13.732170
-30.971870 -17.280460 -35.131680 -14.496980
-28.865760 -17.581610 -33.125630 -14.966740
-26.784970 -17.545160 -31.060140 -15.101190
-24.786370 -17.180030 -29.069540 -14.937030
-22.895390 -16.501740 -27.184620 -14.446070
-21.151920 -15.579560 -25.387900 -13.676480
-19.536240 -14.512750 -23.661500 -12.679010
-17.952400 -13.439350 -23.744110 -12.712650
-16.387990 -12.406440 -21.625800 -11.326120
-14.863100 -11.417480 -19.530350 -9.924061
-13.393330 -10.522110 -17.542520 -8.635581
-12.012560 -9.712136 -17.523750 -8.649764
-10.724060 -9.005949 -15.755700 -7.579010
-9.550035 -8.378380 -14.096990 -6.650274
-8.515855 -7.864360 -12.684800 -5.886892
-7.666677 -7.451274 -12.627880 -5.857708
-6.965634 -7.116444 -11.554800 -5.292748
-6.290034 -6.754992 -10.644570 -4.843766
-5.683176 -6.365703 -9.976513 -4.493224
-5.115930 -5.951422 -9.198776 -4.039671
-4.546901 -5.474396 -8.790276 -3.764818
-3.918483 -4.841217 -7.885530 -3.047564
-3.251958 -4.063126 -7.147265 -2.344058
-2.618666 -3.132043 -6.495250 -1.563437
-1.995823 -2.041747 -5.767362 -0.535757
-1.444291 -0.709844 -5.102892 0.712453
-0.945890 0.845441 -4.490929 2.224745
-0.637858 2.648628 -4.018276 3.963174
-0.490261 4.697446 -3.801931 5.212437
-0.464139 6.920857 -3.596358 8.006206
-0.531398 9.295931 -3.577551 9.553485
-0.624242 11.817770 -3.645146 12.914970
-0.711873 14.466010 -3.661833 12.820210
-0.825265 17.247450 -3.775072 16.359860
-0.950867 20.106980 -3.886926 20.152400
-1.111700 23.081510 -4.042339 24.164230
-1.318962 26.177850 -4.052544 24.107450
-1.558337 29.342010 -4.277236 28.291940
-1.802380 32.590800 -4.574306 32.611810
-2.057718 35.829860 -4.884718 36.926310
-2.317142 39.134640 -4.884706 36.989380
-2.563489 42.479060 -5.202709 41.425480
-2.782512 45.832490 -5.510460 45.907810
-2.981824 49.222850 -5.774691 50.392490
-3.156600 52.663260 -5.794368 50.496100
-3.326194 56.134890 -6.017846 55.102570
-3.502086 59.661300 -6.264466 59.792820
-3.713046 63.193690 -6.487244 64.476190
-3.925554 66.778030 -6.479790 64.394670
-4.099562 70.366360 -6.726004 69.253220
-4.323029 73.928460 -6.977561 74.057820
-4.525824 77.456260 -7.213316 78.793930
-4.726372 80.968850 -7.182781 78.585230
-4.944700 84.450320 -7.407942 83.228700
-5.155943 87.868120 -7.622620 87.865930
-5.329539 91.294920 -7.873627 92.432430
-5.470861 94.700890 -7.879026 92.367940
