0 -0.000000 0.000000 -0.000000 -0.000000
10 0.003419 13.242080 4.633752 0.081138
20 -0.005061 26.820300 26.976670 0.459720
30 0.019429 40.704370 38.474300 0.683442
40 0.020829 54.884640 55.528440 1.017819
50 -0.019364 69.115930 66.914580 1.219159
60 -0.048388 83.097210 83.899740 1.527674
70 -0.191341 96.813820 94.698620 1.738225
80 -0.373776 110.244600 111.053500 1.998062
90 -0.456074 123.624200 121.845200 2.202528
100 -0.464495 137.160600 137.821600 2.480212
110 -0.488799 150.648100 148.726100 2.656927
120 -0.476780 164.129500 165.220500 2.955519
130 -0.340531 177.785200 176.062600 3.160982
140 -0.303004 191.712800 192.886300 3.511363
150 -0.348136 205.970400 204.407700 3.737237
160 -0.366905 220.619200 222.282000 4.092178
170 -0.376469 235.539000 234.277500 4.349179
180 -0.365894 250.696400 252.705500 4.698725
190 -0.324905 266.057200 265.135600 4.926423
200 -0.289754 281.495800 283.506300 5.213558
210 -0.168171 297.072300 296.060600 5.482604
220 -0.096584 313.044500 315.260000 5.846248
230 -0.084970 329.324200 328.343700 6.085931
240 -0.035147 345.452500 347.846400 6.487647
250 -0.122301 361.403700 360.566900 6.771503
260 -0.262588 377.387300 379.964700 7.163061
