-0.093743 1.716275 0.000000 -0.000000
-0.234382 4.291335 -0.028850 2.080145
-0.374955 6.865477 -0.028850 2.080145
-0.515547 9.440275 -0.122639 6.057747
-0.656205 12.015410 -0.265102 9.384682
-0.799251 14.600260 -0.446727 12.848450
-0.960916 17.268960 -0.446727 12.848450
-1.118651 19.997220 -0.658021 16.463020
-1.280807 22.774320 -0.892940 20.160540
-1.436633 25.596940 -1.142468 23.900970
-1.586551 28.454660 -1.142468 23.900970
-1.728893 31.377650 -1.374334 27.782520
-1.870663 34.320210 -1.594974 31.663310
-2.061112 37.428500 -1.855013 35.668920
-2.256115 40.538550 -1.855013 35.668920
-2.465214 43.593020 -2.114686 39.648650
-2.661881 46.598030 -2.379947 43.546300
-2.871336 49.556000 -2.656880 47.464690
-3.065844 52.495010 -2.656880 47.464690
-3.248811 55.391780 -2.945721 51.381630
-3.438994 58.274000 -3.234185 55.202350
-3.641784 61.091250 -3.525983 59.002040
-3.843940 63.815190 -3.525983 59.002040
-4.046625 66.421630 -3.826109 62.593300
-4.244856 68.909940 -4.106938 65.925040
-4.445510 71.284370 -4.404972 69.033720
-4.644343 73.480650 -4.404972 69.033720
-4.837515 75.507440 -4.688770 71.927100
-4.985837 77.344090 -4.971005 74.543970
-5.133801 79.049530 -5.197956 76.844080
-5.208269 80.634550 -5.197956 76.844080
-5.236828 82.097010 -5.402688 79.902960
-5.105620 83.454540 -5.376182 81.323330
-4.817297 84.728690 -5.216085 82.542970
-4.336344 85.853730 -4.926771 83.746030
-3.656380 86.812100 -4.443392 84.711600
-2.817803 87.594010 -3.786009 85.619190
-1.847638 88.187990 -2.986751 86.335080
-0.811071 88.641590 -2.036306 86.963380
0.302092 88.930470 -1.096471 87.360660
1.434583 89.210560 -0.427631 87.593270
2.662750 89.372100 1.216867 87.984230
4.002128 89.520590 2.082263 88.130940
5.460049 89.603320 2.978765 88.244270
7.050381 89.654730 4.446274 88.380000
8.800912 89.701670 6.734505 88.519100
10.714580 89.719540 9.287428 88.617320
12.781900 89.727290 9.236761 88.610990
15.002600 89.776310 12.057430 88.697370
17.354730 89.883630 15.131710 88.828900
19.768190 90.033380 18.416230 89.029510
22.217350 90.182690 18.401560 89.029730
24.666600 90.317320 21.684530 89.271350
27.100090 90.457820 24.950810 89.496270
29.533440 90.568020 28.229950 89.708190
31.943240 90.604090 28.192890 89.720770
34.324240 90.562410 31.328650 89.836040
36.663630 90.442530 33.745680 89.847760
38.940490 90.251650 36.126830 89.787680
41.145740 90.002900 38.995230 89.571990
43.274630 89.723990 41.962230 89.303200
45.284970 89.460220 41.955810 89.308040
47.143970 89.244510 44.625630 89.022190
48.831470 89.126950 46.821040 88.786770
50.416700 89.148420 49.011080 88.695240
51.963840 89.335560 50.601320 88.783490
53.430560 89.750370 52.089910 89.046720
54.738890 90.388600 53.522150 89.541550
55.835930 91.271120 54.676560 90.284830
56.722440 92.356020 55.604680 91.155610
57.370050 93.610620 56.428890 92.307150
57.812420 94.981600 56.991340 93.523570
58.162240 96.402170 57.257140 94.354200
58.486940 97.888060 57.495710 95.246280
58.813990 99.460870 57.840810 96.752390
59.209760 101.110600 58.312830 98.962950
59.635460 102.888300 58.863100 101.306800
60.134240 104.754400 58.827960 101.292700
60.649730 106.692300 59.450180 103.828300
61.177220 108.760700 60.119650 106.496900
61.696270 110.929500 60.798570 109.405200
62.234170 113.189100 60.806600 109.407800
62.784830 115.564300 61.507500 112.479800
63.334630 118.012100 62.189180 115.618900
63.870330 120.502600 62.906770 118.940700
64.449810 123.021500 62.904810 118.951500
65.066290 125.571200 63.639970 122.299600
65.658090 128.120500 64.439360 125.752000
66.298360 130.557300 65.193410 128.988700
66.932080 133.060100 65.605060 130.733200
67.539460 135.459900 66.368490 134.020000
68.126590 137.872600 66.348380 133.981100
68.655350 140.266200 67.070000 137.200800
69.187890 142.659800 67.707610 140.396300
69.694160 145.028400 68.343360 143.575100
70.131500 147.439500 68.414290 143.671700
70.507970 149.819900 68.990520 146.824300
70.857030 152.237000 69.468540 149.960800
71.148280 154.664900 69.869380 153.242200
71.368370 157.136000 69.895720 153.336800
71.545650 159.601800 70.190380 156.548800
71.665010 162.054900 70.432890 159.966600
71.775400 164.563800 70.593570 163.270600
71.889120 167.018700 70.687380 165.826200
71.930660 169.517300 70.680940 165.752500
71.947120 172.037900 70.716960 169.020800
71.922420 174.551700 70.694020 171.548200
71.800480 177.110400 70.619140 174.852700
71.660010 179.631600 70.443730 178.212400
71.538190 182.214100 70.437950 178.252100
71.419630 184.762800 70.258420 181.667700
71.283990 187.333200 70.094920 184.250800
71.136850 189.856200 69.875060 187.718400
70.964250 192.373200 69.638430 191.076100
70.791150 194.863500 69.638430 191.076100
70.629110 197.195700 69.411740 194.367300
70.503800 199.315700 69.162380 197.588200
70.378520 201.434200 68.932390 200.488500
70.253080 203.554600 68.932390 200.488500
70.127680 205.673200 68.743060 203.120800
69.999050 207.797100 68.607980 205.827400
69.994640 209.740000 68.535630 208.435900
70.019510 211.649800 68.535630 208.435900
70.030310 213.601900 68.540730 210.963500
70.006440 215.556500 68.541120 213.619800
69.982810 217.578800 68.551730 216.160500
69.956510 219.646300 68.551730 216.160500
69.960540 221.624700 68.505120 218.928600
69.984300 223.672300 68.422540 221.700300
69.986070 225.713400 68.335170 224.522300
69.961180 227.773200 68.335170 224.522300
69.924290 229.792700 68.234990 227.315900
69.871450 231.769000 68.130550 230.057400
69.827100 233.650000 68.036410 232.597900
69.782790 235.365900 68.036410 232.597900
69.664050 236.931700 67.854370 236.014300
69.425420 238.441600 67.746020 237.049900
69.022170 239.831600 67.372670 238.969200
68.414950 241.092500 66.932440 240.264700
67.609370 242.161600 66.358380 241.272000
66.672910 243.070200 65.592140 242.250000
65.621050 243.784500 64.719740 243.002600
64.520420 244.320000 63.689330 243.676000
63.308500 244.683100 62.522330 244.172800
61.939660 244.884400 61.225290 244.481600
60.461500 244.953900 60.277620 244.609300
58.885590 244.928300 58.117440 244.678000
57.192410 244.850300 56.435850 244.609400
55.348170 244.770900 56.597080 244.600200
53.337730 244.675800 54.149420 244.451900
51.206680 244.461400 51.308810 244.292100
48.868140 244.284500 48.106020 244.124400
46.381860 244.141000 48.166230 244.117000
43.781980 244.016000 44.718630 243.954600
41.193420 243.884100 41.191350 243.800000
38.579040 243.742400 37.687650 243.639000
35.965320 243.663800 37.739480 243.631200
33.341940 243.540600 34.190350 243.414700
30.719810 243.392900 30.736200 243.163000
28.124530 243.284900 27.269710 242.914300
25.563090 243.208100 27.231800 242.917600
23.047250 243.114500 23.876020 242.744700
20.555360 243.017200 20.540840 242.556800
18.116450 242.898000 17.233560 242.346700
15.701470 242.742600 17.318350 242.359900
13.322600 242.536200 14.066570 242.115100
11.009120 242.295900 10.937970 241.829000
8.787789 242.069500 7.846196 241.512800
6.700094 241.864800 7.947495 241.505900
4.739786 241.695800 5.119863 241.204100
2.907815 241.566500 2.570123 240.965800
1.213038 241.449100 0.287075 240.773200
-0.324785 241.378800 0.447598 240.787800
-1.717128 241.330500 -1.626440 240.673200
-2.957329 241.317600 -3.376513 240.593400
-4.038108 241.337500 -4.780656 240.563600
-4.943153 241.365500 -4.869965 240.553300
-5.617740 241.399300 -5.959425 240.576400
-6.055183 241.428800 -6.702040 240.584900
-6.292219 241.448100 -7.029781 240.574200
-6.421901 241.458600 -6.999936 240.569700
-6.445881 241.456200 -7.053421 240.566700
-6.441162 241.459100 -7.053421 240.566700
-6.435232 241.473300 -7.032162 240.551400
-6.462353 241.493500 -7.148844 240.564700
-6.528339 241.506000 -7.327726 240.542000
-6.662736 241.512300 -7.498260 240.548000
-6.960563 241.530300 -7.775703 240.562600
-7.433982 241.575000 -7.810596 240.563600
-8.055734 241.661200 -8.850262 240.625700
-8.793327 241.820600 -9.322215 240.674500
-9.588231 242.097200 -10.362450 240.864300
-10.437130 242.485400 -11.185500 241.118400
-11.295880 243.047100 -12.126840 241.540100
-12.079170 243.810000 -13.060630 242.151200
-12.766450 244.770600 -13.801280 242.949500
-13.318280 245.979800 -14.466120 243.961700
-13.722350 247.381900 -15.056590 245.325300
-13.993610 248.989100 -15.489300 246.941100
-14.142370 250.776000 -15.707750 248.596400
-14.240360 252.724300 -15.873630 250.578500
-14.307120 254.816900 -15.876950 250.628500
-14.375760 257.054800 -16.022810 253.495100
-14.447320 259.440900 -16.104660 256.522300
-14.528740 261.943400 -16.240120 259.836400
-14.623060 264.585600 -16.241940 259.797600
-14.708690 267.323000 -16.391400 263.296600
-14.814240 270.161800 -16.532550 266.978200
-14.944000 273.125700 -16.731230 270.862700
-15.035340 276.155700 -16.736270 270.927700
-15.140940 279.245300 -16.932130 274.999700
-15.257430 282.397700 -17.146440 279.191200
-15.385880 285.555700 -17.358700 283.300500
-15.535620 288.750600 -17.352910 283.323500
-15.687360 291.914700 -17.607900 287.540000
-15.834860 295.036500 -17.897790 291.846300
-15.991060 298.139100 -18.210180 296.049100
-16.161930 301.216800 -18.201260 296.023600
-16.334330 304.293900 -18.486180 300.160400
-16.503430 307.356500 -18.734380 304.206000
-16.666320 310.429700 -19.004970 308.415000
-16.796270 313.525400 -19.015360 308.444300
-16.926910 316.656200 -19.297500 312.640500
-17.069050 319.831700 -19.527960 316.874600
-17.223680 323.045500 -19.780020 321.178900
-17.395860 326.294000 -19.768140 321.150200
-17.561630 329.524400 -20.022930 325.548600
-17.719010 332.731300 -20.273050 329.701000
-17.900430 335.939300 -20.522330 334.060700
-18.071960 339.098000 -20.507700 333.851000
-18.239730 342.181300 -20.752020 338.065300
-18.398210 345.184400 -21.017310 342.191900
-18.572480 348.105900 -21.253720 346.016100
-18.755060 350.925000 -21.258690 345.964500
-18.932310 353.619300 -21.523540 349.713200
-19.084440 356.172000 -21.793300 353.205800
-19.190840 358.544700 -22.013090 356.590200
-19.281520 360.709100 -22.006480 356.454900
-19.364880 362.648200 -22.175140 359.323800
-19.435380 364.404800 -22.283810 361.733800
-19.512930 365.946600 -22.405520 363.975400
-19.649890 367.322100 -22.504900 365.444800
-19.892230 368.628200 -22.606560 366.324000
-20.252090 369.891500 -22.913230 367.936900
-20.791750 371.054200 -23.274790 369.074900
-21.487330 372.119200 -23.794940 370.136900
-22.400060 373.113800 -24.548090 371.207000
-23.514160 373.922600 -25.395290 371.989700
-24.828720 374.589100 -26.676170 372.837600
-26.313780 374.997800 -28.148080 373.422400
-27.968970 375.108000 -29.797690 373.705600
-29.722230 374.986600 -31.473170 373.704300
-31.561500 374.788900 -32.601700 373.618400
-33.456030 374.582400 -34.525510 373.415400
-35.494020 374.385300 -37.254200 373.139800
-37.624260 374.163100 -37.183240 373.126300
-39.884590 373.957100 -40.143780 372.801300
-42.294220 373.767800 -43.301940 372.493800
-44.851270 373.618600 -46.719180 372.236300
-47.522840 373.490900 -46.635890 372.254800
-50.237360 373.372000 -50.185620 372.026900
-53.000110 373.257500 -53.943690 371.785800
-55.754610 373.127700 -57.693940 371.567100
-58.489490 372.995400 -57.520440 371.592300
-61.217110 372.854000 -61.251270 371.357900
-63.932820 372.668500 -64.774450 371.110100
-66.615190 372.470900 -68.360220 370.806300
-69.300010 372.271700 -68.367880 370.815900
-71.958490 372.083400 -71.992760 370.478800
-74.613120 371.927700 -75.537640 370.191100
-77.243790 371.817600 -79.058720 369.946900
-79.849740 371.735400 -79.065750 369.947900
-82.448730 371.697400 -82.682360 369.773500
-85.015590 371.704100 -86.112820 369.694300
-87.445480 371.725300 -89.411100 369.646800
-89.695430 371.748300 -89.369090 369.649900
-91.744210 371.753800 -92.394840 369.635500
-93.584570 371.721300 -94.983140 369.582200
-95.366880 371.645500 -97.390760 369.479900
-97.116000 371.527700 -97.461110 369.468400
-98.846360 371.389000 -99.675150 369.309800
-100.610100 371.211400 -102.117900 369.078900
-102.430900 371.005500 -104.560300 368.801100
-104.313400 370.788700 -104.571500 368.810700
-106.301400 370.553200 -107.099400 368.480900
-108.425900 370.299900 -109.761700 368.147500
-110.625300 370.063600 -112.728600 367.787100
-113.039100 369.849500 -114.311400 367.608400
-115.512500 369.657200 -117.563700 367.297600
-118.178300 369.455100 -117.516600 367.294000
-120.917600 369.337500 -121.081500 367.011500
-123.822000 369.268500 -123.974600 366.839500
-126.757300 369.228600 -126.809800 366.744700
-129.739200 369.205900 -130.793500 366.681500
-132.737000 369.161300 -134.804600 366.604500
-135.699500 369.131300 -134.785300 366.589100
-138.667900 369.063000 -138.721500 366.479100
-141.577800 368.942900 -142.703900 366.302200
-144.486000 368.839000 -146.585800 366.097700
-147.377400 368.709500 -146.631800 366.077100
-150.227800 368.540700 -150.608000 365.830700
-153.083900 368.367900 -154.322800 365.539200
-155.901600 368.175200 -158.092000 365.232100
-158.683500 367.984500 -158.188600 365.250700
-161.437100 367.820500 -161.825400 364.940000
-164.144900 367.670700 -165.646900 364.674700
-166.743400 367.524800 -169.168300 364.431400
-169.213800 367.384800 -169.013100 364.435000
-171.494900 367.269400 -172.096700 364.220300
-173.606900 367.160800 -175.164700 364.013300
-175.504300 367.028500 -177.766400 363.823500
-177.287900 366.876300 -177.737500 363.830100
-178.948300 366.700600 -180.061700 363.622100
-180.524500 366.392200 -182.738900 363.257800
-182.023400 365.894200 -184.255700 362.872500
-183.399200 365.191500 -185.601200 362.354000
-184.596000 364.244500 -186.972100 361.534600
-185.600000 363.065200 -188.008900 360.522200
-186.364600 361.651500 -188.969700 359.209700
-186.883600 360.051400 -189.614600 357.676300
-187.124700 358.297100 -189.950500 356.096400
-187.195500 356.419300 -190.115300 354.278000
-187.209700 354.465800 -190.152900 352.931800
-187.125200 352.422500 -190.155500 351.573400
-186.971000 350.260800 -190.063800 349.574600
-186.769900 347.985700 -189.846300 346.452500
-186.532900 345.585000 -189.546800 343.207800
-186.242200 343.095600 -189.560300 343.295200
-185.936900 340.495400 -189.177700 339.884000
-185.649900 337.789200 -188.756700 336.373200
-185.382600 335.019400 -188.359700 332.727000
-185.134200 332.220800 -188.340300 332.644300
-184.899500 329.439300 -187.977300 328.888100
-184.692700 326.641900 -187.616100 325.082900
-184.486100 323.835000 -187.315100 321.325800
-184.280300 321.000600 -187.342900 321.368700
-184.127700 318.141900 -187.054100 317.605200
-183.978900 315.260000 -186.834800 313.776000
-183.812400 312.407300 -186.600200 309.937200
-183.654200 309.562200 -186.590500 309.944600
-183.502700 306.737100 -186.342500 306.118500
-183.378600 303.927100 -186.119400 302.408500
-183.289500 301.144500 -185.919600 298.702900
-183.208700 298.368800 -185.928300 298.719500
-183.122800 295.601700 -185.745200 295.004400
-182.982000 292.843600 -185.557600 291.166900
-182.817100 290.034100 -185.290500 287.393400
-182.672600 287.222000 -185.305400 287.422700
-182.494800 284.346300 -185.042400 283.625600
-182.348800 281.464600 -184.758500 279.761300
-182.200300 278.528900 -184.510500 275.826500
-182.050900 275.608600 -184.505200 275.891000
-181.885100 272.670100 -184.281800 271.819400
-181.698600 269.743000 -184.043100 267.833900
-181.502400 266.785500 -183.770200 263.869200
-181.286200 263.816200 -183.759100 263.840800
-181.084300 260.859000 -183.436000 259.937100
-180.848300 257.824800 -183.099000 255.868600
-180.627500 254.849100 -182.733300 251.851800
-180.435400 251.890900 -182.733100 251.793100
-180.251400 248.947400 -182.395500 247.712500
-180.077100 246.059900 -182.115600 243.890200
-179.932000 243.222200 -181.853600 240.067500
-179.800900 240.508500 -181.848000 240.092700
-179.645000 237.914800 -181.622400 236.423200
-179.522100 235.417700 -181.405800 232.999000
-179.443500 233.048900 -181.233700 229.780500
-179.395200 230.845400 -181.234900 229.945000
-179.377000 228.830400 -181.118400 227.035900
-179.361600 227.009400 -181.069800 224.519200
-179.313800 225.382900 -180.997900 222.285500
-179.211800 223.965500 -180.909400 220.890400
-178.995500 222.642300 -180.752400 219.467300
-178.609800 221.398200 -180.483100 218.198800
-178.021500 220.277800 -180.041200 217.005300
-177.281700 219.190700 -179.430600 215.805100
-176.315400 218.205000 -178.602500 214.715200
-175.108000 217.339600 -177.471400 213.655500
-173.598300 216.631800 -176.024400 212.730500
-171.884200 216.128100 -174.565600 212.198400
-169.938900 215.824900 -172.729200 211.773100
-167.862500 215.670800 -171.494400 211.616500
-165.717900 215.599700 -170.091700 211.535500
-163.500900 215.552400 -167.908100 211.489400
-161.211900 215.524100 -164.989100 211.502600
-158.798300 215.506300 -161.837600 211.565500
-156.333400 215.474900 -161.837600 211.565500
-153.798000 215.521500 -158.547400 211.641900
-151.149500 215.545000 -155.060800 211.754800
-148.464800 215.609200 -151.521100 211.894300
-145.761200 215.721700 -151.521100 211.894300
-143.047300 215.845300 -147.912700 212.092700
-140.354300 216.015300 -144.326800 212.353700
-137.657100 216.247400 -140.726600 212.710200
-134.989700 216.485500 -140.726600 212.710200
-132.361200 216.725700 -137.172600 213.082200
-129.819900 216.954200 -133.638800 213.456400
-127.369200 217.130500 -130.338000 213.755800
-125.076000 217.289000 -130.338000 213.755800
-122.978300 217.394200 -127.417400 213.995600
-121.074700 217.452000 -124.624400 214.156800
-119.253800 217.487000 -122.203500 214.253100
-117.452800 217.501500 -122.203500 214.253100
-115.661000 217.500200 -119.916600 214.283800
-113.898200 217.530400 -117.453600 214.313600
-112.188000 217.587200 -115.648700 214.333100
-110.483800 217.777500 -113.316200 214.467300
-108.832700 218.145800 -111.709600 214.705000
-107.256300 218.728200 -110.096500 215.107500
-105.792600 219.476200 -108.620200 215.714900
-104.503500 220.453800 -107.196900 216.550800
-103.370900 221.616000 -106.019700 217.568000
-102.437600 222.932700 -105.045800 218.683100
-101.723700 224.345800 -104.304600 219.877200
-101.236600 225.851200 -103.687900 221.293900
-100.915700 227.438600 -103.196300 222.919600
-100.634700 229.003000 -102.896600 224.307200
-100.355700 230.520900 -102.891100 224.319300
-100.012200 231.987300 -102.487900 226.337400
-99.599560 233.386100 -101.914500 228.597300
-98.996290 234.559900 -101.470200 229.738700
-98.348550 235.540100 -100.921400 230.770700
-97.491420 236.281400 -100.214100 231.661800
-96.563560 236.781500 -99.378520 232.356600
-95.613480 237.212600 -98.579410 232.804800
-94.564720 237.578100 -97.522440 233.270100
-93.378270 237.826600 -96.741700 233.507900
-92.065800 238.037600 -95.015480 233.854300
-90.600520 238.207100 -94.005060 234.008800
-88.966180 238.333600 -92.403850 234.186600
-87.134840 238.488000 -90.002600 234.397100
-85.139540 238.614700 -89.973600 234.402000
-82.995990 238.713600 -87.341980 234.615800
-80.731250 238.835900 -84.455410 234.827900
-78.338900 238.957400 -81.329290 235.028500
-75.911080 239.102600 -81.283390 235.035800
-73.418340 239.247000 -77.915170 235.235600
-70.862210 239.411700 -74.594180 235.379200
-68.236450 239.513000 -71.103270 235.526100
-65.565890 239.621000 -71.104780 235.529900
-62.884820 239.754000 -67.573520 235.712000
-60.208980 239.903300 -63.922450 235.954900
-57.561130 240.056500 -60.424130 236.200200
-55.002920 240.208900 -60.495620 236.168900
-52.461970 240.385500 -57.034130 236.445300
-49.960260 240.516300 -53.565540 236.667900
-47.478300 240.661600 -50.252930 236.921000
-45.048220 240.827100 -50.273470 236.929900
-42.654540 241.018700 -46.994250 237.191000
-40.374760 241.236000 -43.806730 237.476200
-38.244120 241.461500 -40.899680 237.744200
-36.175260 241.674900 -40.864620 237.751000
-34.127460 241.881500 -38.026340 238.028800
-32.155730 242.064400 -35.367570 238.260800
-30.336300 242.239600 -32.857990 238.465600
-28.681680 242.373000 -32.827140 238.469000
-27.206340 242.453700 -30.706390 238.614900
-25.872110 242.479300 -28.800830 238.697400
-24.684510 242.456000 -27.171530 238.712000
-23.636810 242.368500 -26.117160 238.690000
-22.745080 242.231200 -25.250820 238.638100
-22.034710 242.112400 -24.577210 238.572700
-21.516180 241.984700 -24.045420 238.501600
-21.032600 241.835100 -23.581890 238.414800
-20.564160 241.692800 -23.157100 238.312700
-20.103750 241.524500 -22.792630 238.226900
-19.551220 241.265200 -22.012310 237.989500
-18.853050 240.845400 -21.422560 237.707300
-18.086130 240.258100 -20.674730 237.271100
-17.299030 239.465900 -19.735770 236.555100
-16.585650 238.455900 -18.860110 235.607400
-15.980300 237.181700 -18.146460 234.509400
-15.551690 235.705600 -17.548030 233.102600
-15.237130 233.988000 -17.118820 231.441200
-15.035830 232.048700 -16.916280 230.150100
-14.902940 229.921400 -16.667430 227.421600
-14.851830 227.595900 -16.654770 227.401700
-14.812860 225.100600 -16.530350 224.285600
-14.790540 222.430100 -16.429260 220.797200
-14.744020 219.600800 -16.316490 217.008200
-14.681160 216.624600 -16.318410 217.010700
-14.559980 213.519300 -16.208130 213.071100
-14.405260 210.299000 -15.987830 208.813600
-14.244290 206.985200 -15.742840 204.459800
-14.036400 203.614200 -15.735310 204.512100
-13.812700 200.191300 -15.418640 200.098900
-13.591500 196.732600 -15.079970 195.522400
-13.354210 193.229500 -14.711750 190.905200
-13.126070 189.690000 -14.718540 190.898900
-12.916990 186.094000 -14.371200 186.135600
-12.731900 182.450100 -14.069290 181.284100
-12.566930 178.745200 -13.773140 176.426600
-12.396050 174.987200 -13.780860 176.566000
-12.227520 171.178900 -13.510950 171.457100
-12.071480 167.326000 -13.266760 166.314800
-11.901920 163.431800 -12.986240 161.079900
-11.720260 159.530400 -13.009390 161.230300
-11.528050 155.601800 -12.731510 155.920600
-11.343440 151.642400 -12.484960 150.695700
-11.142960 147.689600 -12.105220 145.489500
-10.896520 143.749200 -12.104370 145.388300
-10.650260 139.827200 -11.790280 140.233200
-10.410780 135.927300 -11.457490 135.075100
-10.197030 132.060800 -11.097680 129.888100
-9.983675 128.271600 -11.126760 130.014500
-9.768507 124.586400 -10.776530 124.989700
-9.557928 121.055300 -10.443050 120.198900
-9.369618 117.693700 -10.175620 115.828000
-9.200535 114.472100 -10.150140 115.726900
-9.061229 111.449400 -9.908292 111.521200
-8.931383 108.631000 -9.686595 107.633300
-8.810192 106.036100 -9.510245 104.277300
-8.714586 103.666700 -9.515171 104.339600
-8.579986 101.489100 -9.355514 101.228000
-8.297513 99.529500 -9.026883 97.880420
-7.822238 97.787860 -8.684985 96.318200
-7.139675 96.220460 -8.161842 94.863000
-6.241788 94.829150 -7.435386 93.446810
-5.158326 93.620760 -6.501564 92.117830
-3.910527 92.633660 -5.427512 91.120210
-2.475933 91.875730 -4.169345 90.315790
-0.953585 91.376990 -2.854734 89.740490
0.610299 91.091770 -1.333351 89.353860
2.208440 90.915010 0.195463 89.141060
3.858709 90.805900 1.193813 89.078170
5.610331 90.710490 3.451466 89.004320
7.446192 90.618500 3.451466 89.004320
9.399524 90.501180 5.892803 88.959180
11.479730 90.400480 8.629562 88.918630
13.711860 90.309310 11.569180 88.882900
16.085620 90.296110 11.569180 88.882900
18.596670 90.402150 14.752330 88.922980
21.177450 90.596610 17.340440 89.050000
23.779620 90.826670 20.895580 89.335260
26.353250 91.014620 24.391420 89.644380
28.915710 91.120230 27.033760 89.812490
31.447940 91.111230 29.684040 89.922410
33.964420 90.997740 32.008630 89.845070
36.481320 90.800320 32.008630 89.845070
39.031160 90.580100 35.416770 89.670720
41.656720 90.362430 38.849270 89.449260
44.342960 90.161050 42.466160 89.233100
47.042730 89.971080 42.466160 89.233100
49.732130 89.736970 46.072670 89.041770
52.379280 89.354210 50.608320 88.642010
54.968500 88.786820 52.185500 88.383530
57.486950 88.064510 55.595380 87.632050
59.967010 87.222230 57.295180 87.163600
62.489200 86.306720 59.808460 86.340780
64.987970 85.371870 63.219690 85.163460
67.548010 84.410830 63.219690 85.163460
70.135210 83.400150 66.696740 83.933260
72.720960 82.281930 70.169090 82.626320
75.294640 81.026180 72.002390 81.849980
77.934750 79.678800 74.698140 80.609980
80.595120 78.300090 78.153430 78.896600
83.237810 76.927920 81.762920 77.096150
85.840430 75.538820 81.790770 77.086510
88.369180 74.062970 85.273160 75.284390
90.792620 72.508150 89.443030 72.857070
93.104350 70.855730 91.103230 71.775590
95.308540 69.114830 92.574100 70.740990
97.416180 67.330560 94.802690 69.059380
99.451290 65.590790 97.583180 66.802000
101.380500 63.966620 100.217100 64.646280
103.192500 62.514710 100.176700 64.664470
104.866600 61.221030 102.597100 62.771110
106.472000 59.956760 104.711500 61.166690
108.065900 58.674990 106.963500 59.455330
109.621000 57.400470 106.920800 59.491330
111.184000 56.090510 109.025200 57.823450
112.797400 54.718930 111.220700 56.047620
114.495000 53.301690 113.446100 54.208680
116.281700 51.901960 113.398700 54.242400
118.184900 50.515520 115.810100 52.360380
120.173200 49.100540 117.686000 50.986980
122.242200 47.599320 120.436200 49.026170
124.364600 46.028410 123.327200 46.966130
126.576200 44.378130 123.327200 46.966130
128.856800 42.670770 126.315200 44.820230
131.194400 40.922780 129.375500 42.579390
133.518000 39.194000 132.491500 40.287630
135.848000 37.430390 132.491500 40.287630
138.166000 35.691480 135.560600 38.048390
140.513900 34.021560 138.759100 35.775790
142.832700 32.348190 141.831900 33.595540
145.118800 30.675490 141.831900 33.595540
147.378500 28.982770 144.926400 31.379350
149.616700 27.299000 147.904500 29.192880
151.798300 25.672770 150.832500 27.064500
153.870900 24.103060 150.832500 27.064500
155.795100 22.599360 153.629500 25.027280
157.567100 21.175120 156.148300 23.120380
159.120100 19.881740 158.379500 21.380080
160.555500 18.690110 159.814900 20.247150
162.010800 17.662520 161.190000 19.262400
163.579600 16.891220 162.732500 18.356770
165.181700 16.359800 164.299400 17.705100
166.884400 16.039170 165.974900 17.262380
168.667400 15.922110 167.769200 16.989750
170.525800 15.941800 168.919700 16.933580
172.440200 15.971130 170.777500 16.902090
174.444000 15.959010 173.407000 16.879630
176.477000 15.903350 173.569800 16.871450
178.585300 15.796770 176.275900 16.807900
180.750600 15.659270 179.100900 16.660800
182.953800 15.464370 182.044900 16.453960
185.219000 15.302340 182.109400 16.446150
187.511200 15.130490 185.078500 16.213830
189.813900 14.959210 188.204900 16.006330
192.113700 14.776240 191.306400 15.797060
194.461000 14.578040 191.305100 15.783760
196.830900 14.362970 194.470200 15.560220
199.263300 14.116070 197.762900 15.296310
201.755200 13.869800 201.084200 15.011230
204.262600 13.617820 200.924800 15.012870
206.796000 13.389100 204.369200 14.708470
209.305700 13.173480 207.691000 14.427910
211.854500 12.979730 211.091500 14.183030
214.376000 12.800540 211.134200 14.192090
216.944700 12.587920 214.554200 13.947220
219.523300 12.357330 218.019300 13.678890
222.151900 12.137010 221.517100 13.404630
224.809100 11.944950 221.490900 13.405400
227.484300 11.736780 225.197300 13.130610
230.174800 11.491230 228.555600 12.870840
232.863400 11.232370 232.152800 12.567910
235.563700 10.991120 232.255100 12.566960
238.224400 10.719920 235.878100 12.236930
240.885600 10.467360 239.428800 11.922420
243.500800 10.248770 242.953600 11.607260
246.090800 10.042910 242.912000 11.624690
248.655600 9.850928 246.411900 11.358020
251.153900 9.672126 249.826600 11.119230
253.551400 9.508367 253.081100 10.916830
255.833600 9.349230 253.021300 10.920070
257.979200 9.197519 256.001700 10.756660
259.925700 8.975124 258.798900 10.565340
261.610100 8.662332 261.396200 10.345440
263.292600 8.350028 263.160300 10.137040
264.972800 8.038313 264.906400 9.856408
266.652900 7.726849 266.590800 9.542553
268.329600 7.415961 266.590800 9.542553
269.438900 7.121329 268.241200 9.161517
270.377700 6.915676 269.499200 8.839372
271.180200 6.803106 270.386600 8.659785
271.947400 6.781844 271.431100 8.506378
272.708500 6.863175 272.192500 8.465998
273.448300 7.056585 272.850900 8.522351
274.160100 7.353067 273.577800 8.668323
274.935400 7.808509 274.438500 8.981813
275.651000 8.694219 275.246000 9.487786
276.215400 9.977662 275.954500 10.149920
276.761000 11.251270 276.579300 11.026580
277.289300 12.511500 277.194700 12.263350
277.801400 13.754730 277.759300 13.814060
278.292200 14.983130 278.086200 14.961400
278.599900 16.875040 278.589500 17.494100
278.816600 18.943450 278.781300 18.909540
279.006400 21.212700 278.907200 20.329780
279.118800 23.659890 279.129000 23.627220
279.256900 26.256370 279.309600 27.082370
279.430000 28.981770 279.309600 27.082370
279.623300 31.776040 279.505200 30.700330
279.815000 34.640650 279.753400 34.468330
280.047600 37.595490 280.047100 38.295740
280.271300 40.561180 280.047100 38.295740
280.485600 43.591550 280.359500 42.286730
280.691200 46.638240 280.676300 46.369680
280.894200 49.698950 280.973400 50.479670
281.109600 52.745410 280.973400 50.479670
281.323700 55.822110 281.265100 54.665120
281.535500 58.894460 281.567400 58.663570
281.790400 61.973850 281.902200 62.784600
282.088900 65.030150 281.902200 62.784600
282.317100 68.123450 282.266000 66.818810
282.523800 71.175790 282.587000 70.926800
282.680600 74.245110 282.853100 74.953040
282.864900 77.282640 282.853100 74.953040
283.098500 80.325530 283.125800 79.063560
283.357100 83.339010 283.408500 83.059670
283.604700 86.365770 283.719700 87.075850
283.852400 89.345300 283.719700 87.075850
284.129800 92.361340 284.032600 91.039570
284.430300 95.340960 284.419700 94.966740
284.793000 98.335460 284.863800 98.889630
285.237200 101.285500 284.863800 98.889630
285.688600 104.203600 285.425100 102.859300
286.157800 107.095500 286.045900 106.676800
286.641700 109.957100 286.666100 110.531300
287.077000 112.802800 286.666100 110.531300
287.491000 115.592900 287.242700 114.242500
287.920600 118.337900 287.753500 117.834300
288.317100 120.935900 288.256900 121.470400
288.710200 123.463200 288.256900 121.470400
289.134900 125.865300 288.749600 124.856200
289.590600 128.118300 289.289200 128.001900
290.058800 130.182800 289.714100 130.163800
290.523700 132.039000 290.164400 132.124500
291.010300 133.731900 290.747900 134.362000
291.438700 135.309900 290.757700 134.432600
291.855800 136.891800 291.330900 136.559800
292.123900 138.490000 291.964000 139.182800
292.239500 140.068500 292.163500 140.722200
292.127600 141.676900 292.193700 142.328100
291.029500 143.108800 291.967400 143.891100
289.928700 144.505800 291.491300 145.467600
288.831900 145.870700 290.706700 146.951600
287.745100 147.203900 289.615000 148.328500
286.674200 148.508400 288.254800 149.537600
285.218400 149.615700 286.533600 150.666400
283.264400 150.526800 285.349500 151.291000
281.243600 151.472100 282.696600 152.631400
279.142200 152.489200 282.659500 152.630900
276.943000 153.583500 279.830300 154.057700
274.640200 154.780100 276.722300 155.658100
272.241200 156.074700 273.644400 157.288400
269.752700 157.422000 273.721100 157.248300
267.236600 158.807600 270.403600 159.033000
264.684300 160.222400 267.003700 160.913900
262.160600 161.709300 263.671800 162.859700
259.725100 163.293400 261.171300 164.424700
257.349900 164.952800 258.780600 166.040800
255.011000 166.651500 258.787600 166.040000
252.619500 168.351100 255.575000 168.328900
250.164300 170.018200 252.436100 170.542700
247.682300 171.635900 249.153600 172.729600
245.126300 173.224000 246.590100 174.276600
242.548800 174.722000 246.533800 174.300200
239.945500 176.172300 243.100700 176.311900
237.309700 177.571800 239.649700 178.188700
234.693200 178.932100 236.120000 180.066000
232.104300 180.305600 236.038600 180.108600
229.551600 181.658600 232.644200 181.896100
227.043200 183.024800 229.273600 183.713900
224.579500 184.376400 226.039800 185.469000
222.160200 185.672600 225.990900 185.508500
219.814700 186.944300 222.769400 187.232500
217.579200 188.137300 219.685500 188.892100
215.410800 189.259700 216.853800 190.371400
213.403600 190.277900 216.898000 190.356300
211.527100 191.221900 214.337600 191.669800
209.817600 192.095800 211.949800 192.879800
208.297700 192.868100 209.801000 193.976700
206.968200 193.578400 209.899200 193.912500
205.865300 194.206200 208.019100 194.893700
204.973800 194.747600 206.667100 195.635700
204.316300 195.181100 206.022200 196.013100
203.737400 195.602300 205.415200 196.397000
203.210200 196.105800 204.833100 196.786500
202.696800 196.620600 204.057500 197.345000
202.144200 197.133000 204.024900 197.360500
201.473700 197.759400 203.159000 198.017500
200.573200 198.528800 202.069000 198.927700
199.482000 199.428500 200.641400 200.119600
198.198700 200.446700 199.443500 201.094600
196.761100 201.508800 198.058500 202.163700
195.184900 202.599000 196.509800 203.264200
193.288100 203.734200 194.776100 204.401800
191.283500 204.885300 192.912000 205.546100
189.279000 206.036300 192.884500 205.563600
187.275300 207.186700 190.264100 207.078200
185.272600 208.336500 187.477900 208.645500
183.204100 209.508400 184.547400 210.258400
180.929900 210.774300 184.513500 210.285800
178.619300 212.048100 181.518900 211.959600
176.321500 213.330200 178.442100 213.681800
174.024500 214.608700 175.338700 215.416000
171.754700 215.878900 175.369500 215.402100
169.515300 217.138500 172.333200 217.097800
167.327500 218.336000 169.374100 218.740400
165.285500 219.466500 166.684000 220.228400
163.394800 220.485400 166.633700 220.250300
161.653300 221.359700 164.152400 221.590300
160.045000 222.107800 161.951900 222.709600
158.407800 222.712800 159.879100 223.603600
156.741800 223.119400 158.066800 224.232600
155.079700 223.337300 156.390200 224.571700
153.375200 223.375200 154.663000 224.750500
151.587600 223.291200 153.493600 224.737300
149.703300 223.122300 152.252900 224.707600
147.697400 222.947800 149.550100 224.541500
145.559400 222.768000 146.643600 224.304000
143.255100 222.576300 146.694400 224.308100
140.825300 222.367500 143.529200 224.061700
138.238300 222.212600 140.148300 223.824700
135.505900 222.075700 136.507400 223.644300
132.663600 221.969500 136.544500 223.645900
129.720900 221.858000 132.683400 223.510300
126.663200 221.699300 128.752800 223.371800
123.629900 221.554900 124.663000 223.225200
120.566400 221.374500 124.577000 223.212900
117.510800 221.171400 120.422500 223.022700
114.517900 220.968300 116.401000 222.797700
111.525900 220.772200 112.352600 222.561200
108.601100 220.585800 112.451700 222.568400
105.691500 220.424200 108.521500 222.359900
102.797100 220.263800 104.635400 222.161900
99.942900 220.117000 100.801700 222.000900
97.108700 219.956700 100.818400 221.998200
94.343720 219.761900 96.934120 221.810800
91.704060 219.564100 93.297950 221.603000
89.187440 219.382600 89.915410 221.370100
86.853370 219.207900 89.939870 221.383300
84.722070 219.078600 86.864460 221.160500
82.768890 219.013700 84.075550 220.993400
80.972640 219.075500 81.627940 220.950000
79.229300 219.254500 79.892540 221.041200
77.556090 219.622800 78.122110 221.322000
75.960560 220.193700 76.488930 221.775900
74.503440 221.032800 74.915890 222.454600
73.247040 222.197000 73.546550 223.412800
72.168900 223.540300 72.426730 224.565700
71.281570 225.143300 71.418770 225.995700
70.601490 226.926700 70.602910 227.690900
70.127700 228.840900 69.987860 229.620900
69.878300 230.896400 69.735590 230.952400
69.713240 233.064700 69.449700 233.821600
69.624990 235.277300 69.342180 236.103300
69.560920 237.559500 69.359680 236.056900
69.520270 239.919800 69.286890 239.173100
69.480170 242.355500 69.199500 242.407800
69.422430 244.904300 69.111020 245.802200
69.286960 247.537300 69.111490 245.842700
69.141070 250.228700 68.956170 249.351300
68.999880 253.025600 68.809430 253.028700
68.856910 255.930900 68.654670 256.873900
68.703600 258.907800 68.647200 256.842000
68.517870 262.029500 68.481140 260.904600
68.350620 265.186400 68.335950 265.062900
68.163940 268.396000 68.166240 269.310500
67.965540 271.613500 68.166010 269.288900
67.785340 274.806600 67.946020 273.638400
67.592920 277.988600 67.739970 277.967100
67.386620 281.166500 67.522850 282.186400
67.179990 284.300900 67.527570 282.279400
66.973690 287.456300 67.305700 286.400400
66.759970 290.605100 67.089020 290.554100
66.549740 293.741800 66.896410 294.732000
66.346760 296.850700 66.897880 294.590800
66.146280 299.919800 66.705700 298.609600
65.909190 302.991000 66.493840 302.741600
65.661260 306.016700 66.236060 306.782000
65.383130 309.038800 66.237940 306.801600
65.047660 312.028400 65.930110 310.702800
64.674680 315.008300 65.558720 314.776500
64.241860 317.963200 65.101120 318.727400
63.806810 320.916600 65.094160 318.758400
63.420100 323.896000 64.595420 322.713800
63.075590 326.901600 64.155350 326.614700
62.777190 329.896600 63.803380 330.591900
62.594940 332.932100 63.802460 330.608200
62.454760 335.950600 63.532420 334.716900
62.310500 338.994000 63.317200 338.775800
62.164400 342.041400 63.150890 342.854700
62.032770 345.031500 63.138730 342.938800
61.912010 348.006900 62.986260 346.885200
61.789860 350.918300 62.831280 350.998400
61.707910 353.706100 62.708490 354.748000
61.613990 356.391400 62.709890 354.632000
61.552410 358.953500 62.620020 358.150500
61.565970 361.378700 62.575600 361.493900
61.590200 363.597500 62.621950 364.511800
61.625890 365.650000 62.601890 364.578500
61.641400 367.672700 62.675400 367.353200
61.643910 369.692400 62.715110 370.011800
61.558330 371.675600 62.696900 371.998800
61.361890 373.698200 62.553560 374.755600
61.080590 375.805500 62.319990 376.850700
60.745070 378.022000 62.317160 376.921900
60.413740 380.393600 61.908590 379.928500
60.147400 382.875100 61.498420 383.158000
59.937190 385.515500 61.242990 385.723400
59.814310 388.251900 61.076770 388.461000
59.766100 391.128100 60.966180 392.259400
59.764420 394.096900 60.968680 392.286000
59.747220 397.211000 60.946880 396.374600
59.696040 400.418200 60.890680 400.626700
59.615900 403.624200 60.822790 404.922200
59.476640 406.849000 60.830360 404.885300
59.320890 410.042500 60.673230 409.268800
59.145110 413.205600 60.482890 413.596100
58.968930 416.364600 60.281800 417.865800
58.806860 419.496400 60.276490 417.768600
58.627840 422.584600 60.094760 421.964300
58.480820 425.636500 59.906000 426.036300
58.342980 428.577300 59.736560 429.989700
58.179110 431.377400 59.740960 429.967800
57.995810 434.043700 59.578200 433.646800
57.753920 436.572100 59.361680 437.068400
57.470620 438.947800 59.064340 440.311200
57.148870 441.181700 59.061210 440.219700
56.787470 443.237900 58.697350 443.194500
56.419550 445.075600 58.269180 445.778600
56.186420 446.732100 57.986310 447.494000
56.373540 448.149300 57.780820 449.513900
57.096360 449.280500 57.859920 451.005400
57.797660 450.368100 58.175230 452.195600
58.469280 451.417300 58.718260 453.382800
59.099960 452.419000 59.498600 454.308300
59.693890 453.395700 60.417720 455.012000
60.829550 453.823400 61.402010 455.525300
62.117600 454.031500 62.715080 455.945800
63.555790 454.181300 63.985650 456.117100
65.165260 454.224000 64.938740 456.166000
66.918750 454.288600 67.261410 456.243400
68.815140 454.380000 67.261410 456.243400
70.861760 454.481400 69.770740 456.322000
73.024940 454.593700 72.692530 456.454500
75.355670 454.739600 75.734530 456.636600
77.804190 454.892700 75.734530 456.636600
80.358960 455.052400 78.984960 456.828000
83.002440 455.239300 82.487730 457.051700
85.770950 455.413200 86.071460 457.279800
88.576960 455.537100 86.071460 457.279800
91.445490 455.682100 89.931860 457.453200
94.360010 455.843500 93.803320 457.651700
97.273730 456.002300 97.706540 457.845400
100.205200 456.167400 97.706540 457.845400
103.127500 456.340300 101.638800 458.056500
106.027500 456.485500 105.526300 458.251700
108.937600 456.607600 109.457400 458.423000
111.801100 456.761000 109.457400 458.423000
114.663200 456.917400 113.406900 458.600200
117.476100 457.050500 117.048800 458.781000
120.235700 457.204700 120.655200 458.964100
122.966100 457.385600 120.655200 458.964100
125.683400 457.589900 124.350900 459.173400
128.360800 457.860800 128.081600 459.446200
130.996800 458.220100 130.647800 459.722500
133.617900 458.652700 133.268700 460.088700
136.184300 459.149000 136.769700 460.685000
138.747700 459.707800 136.680300 460.666400
141.245600 460.326800 140.060200 461.367000
143.730000 461.004600 142.589000 461.964500
146.138800 461.754900 145.182900 462.651500
148.533300 462.601100 148.328200 463.658800
150.875400 463.493900 151.508200 464.743400
153.185400 464.427100 151.508200 464.743400
155.466500 465.389800 154.670900 465.951800
157.706600 466.401400 157.806100 467.262100
159.890600 467.475000 159.976000 468.277400
162.026600 468.596800 162.809400 469.707400
164.086300 469.739700 164.932900 470.835100
166.113000 470.938000 167.012200 472.026900
168.030000 472.130000 167.050100 472.026900
169.790400 473.311900 169.592300 473.606400
171.405900 474.441600 171.964000 475.213400
172.855100 475.469200 173.928400 476.592300
174.154100 476.359800 173.928900 476.586100
175.306100 477.078500 176.373000 478.226100
176.328600 477.623500 176.987300 478.591500
177.349500 478.091100 178.399400 479.309600
178.418800 478.406500 179.442000 479.721700
179.483300 478.557800 180.500900 480.022900
180.532000 478.545600 181.463100 480.136900
181.664800 478.384600 182.625600 480.123600
182.853600 478.068600 183.766900 479.969900
184.062500 477.505100 185.016500 479.566100
185.324000 476.651900 186.468100 478.806800
186.626300 475.461000 187.768600 477.764700
188.001900 474.001700 189.141700 476.384100
189.455200 472.316500 190.136000 475.283000
190.983500 470.404200 191.736300 473.368800
192.628300 468.328400 193.876300 470.665500
194.407600 466.101300 193.810800 470.738500
196.244800 463.736100 196.179900 467.678600
198.105400 461.325800 198.594700 464.529000
199.985200 458.920500 201.084500 461.220300
201.876600 456.527900 201.034000 461.312900
203.779600 454.144500 203.549700 458.079500
205.684800 451.785300 206.117200 454.820300
207.587600 449.439600 208.535600 451.888100
209.486400 447.113900 208.412100 452.013600
211.359400 444.786300 210.923900 448.876000
213.214900 442.474200 213.419500 445.756800
215.069500 440.180800 215.896600 442.652600
216.924900 437.908400 215.946900 442.569600
218.830200 435.603200 218.435100 439.487900
220.784100 433.242000 220.835800 436.556800
222.789700 430.840100 223.625600 433.160500
224.813600 428.408200 223.701600 433.088900
226.833500 425.995400 226.400200 429.796500
228.852900 423.583200 229.005400 426.621600
230.871600 421.171900 231.731700 423.364300
232.891600 418.759100 231.694200 423.373600
234.910900 416.347200 234.380600 420.177600
236.823000 414.107800 236.963100 417.153100
238.394100 412.113700 239.333000 414.293500
239.552300 410.295700 239.271200 414.385000
240.709400 408.481300 241.377500 411.785500
241.865700 406.670700 243.346500 409.038100
243.022600 404.863700 244.269400 407.431300
243.966000 403.113100 244.907500 405.816900
244.092200 401.451800 245.258600 404.098500
243.761300 399.751700 245.125000 402.813700
243.150200 398.275400 244.715100 401.366100
242.226700 396.884600 244.013800 400.013600
241.061000 395.599800 242.995000 398.616200
239.705900 394.403400 241.762900 397.376600
238.175300 393.294500 240.272000 396.160400
236.419400 392.300600 238.470700 394.994300
234.459400 391.403600 236.468900 393.999400
232.296800 390.642000 235.100100 393.440600
229.928300 389.982900 232.049400 392.463600
227.393300 389.389600 230.368700 392.012100
224.668900 388.898300 226.766300 391.266000
221.793400 388.499000 223.779200 390.795600
218.753000 388.110100 223.804800 390.809000
215.598900 387.729100 219.715200 390.305200
212.374300 387.364600 215.438800 389.829200
209.090300 387.016800 211.088500 389.396300
205.769200 386.697400 211.016300 389.384900
202.412600 386.399000 206.561100 388.980200
199.045700 386.119600 202.019600 388.616800
195.673600 385.866600 197.442000 388.324000
192.318400 385.628000 197.581800 388.345400
188.992700 385.419600 193.078900 388.068600
185.689500 385.243800 188.618700 387.824600
182.429100 385.082400 184.250300 387.612200
179.191400 384.930500 184.304400 387.601500
175.998400 384.780500 180.078100 387.381800
172.833800 384.646900 175.826200 387.192900
169.703100 384.518800 171.668400 387.020900
166.621100 384.405900 171.706400 387.005600
163.623500 384.321500 167.611100 386.828800
160.758900 384.263600 163.734000 386.703600
158.068600 384.244300 160.032300 386.645200
155.559000 384.244400 160.188500 386.664500
153.212500 384.204900 156.839600 386.641900
151.033700 384.091400 153.794400 386.561300
149.059400 383.872700 151.696700 386.402800
147.360800 383.500700 149.377800 386.120800
145.917000 382.883100 147.978000 385.687800
144.682600 382.019000 146.649500 385.038500
143.726400 380.925400 145.550400 384.109900
143.040100 379.649600 144.767800 383.030100
142.611000 378.230900 144.196000 381.776700
142.361800 376.682500 143.759100 380.229000
142.230400 374.988900 143.545300 378.669900
142.149700 373.190200 143.443000 377.543000
142.129800 371.279100 143.344500 375.657100
142.119000 369.215000 143.285400 372.903200
142.117500 367.008300 143.284700 372.945000
142.176700 364.637300 143.276000 370.031400
142.269700 362.110400 143.333700 366.606500
142.373000 359.411700 143.451400 362.995600
142.526800 356.549700 143.450200 363.066300
142.692500 353.551700 143.627800 359.309700
142.835600 350.477000 143.836600 355.235500
143.009300 347.339000 144.036300 351.076700
143.169400 344.158300 144.034900 351.009500
143.356400 340.955400 144.249800 346.762300
143.556100 337.763600 144.486600 342.502700
143.732800 334.563700 144.698600 338.276500
143.935400 331.393800 144.733300 338.184900
144.158000 328.197900 144.946300 333.946500
144.356600 324.983500 145.151000 329.733300
144.534000 321.695300 145.353100 325.369900
144.698000 318.364400 145.342400 325.436600
144.878900 314.970200 145.541300 320.962900
145.081700 311.522000 145.726500 316.533200
145.301800 308.031600 145.930300 311.918800
145.503800 304.508000 145.948200 311.808800
145.708200 300.964000 146.149900 307.130200
145.923800 297.408500 146.348100 302.408100
146.152500 293.882800 146.564200 297.630600
146.390400 290.389700 146.567900 297.664900
146.613600 286.900400 146.820700 293.038400
146.826100 283.435200 147.083500 288.382900
147.033100 279.993600 147.326100 283.737400
147.244600 276.532600 147.317800 283.748000
147.422700 273.125800 147.536800 279.161000
147.582500 269.770200 147.747500 274.592200
147.765000 266.399500 147.935300 270.148800
147.954700 263.099000 147.958300 270.037700
148.136400 259.853200 148.168600 265.686100
148.303900 256.631500 148.360500 261.292400
148.483600 253.495400 148.512300 257.057700
148.645900 250.505500 148.508400 257.053100
148.802900 247.619800 148.697600 253.046800
148.957100 244.924000 148.874800 249.237100
149.120900 242.376200 149.066100 245.803100
149.300100 239.994300 149.092600 245.830800
149.468000 237.816200 149.280600 242.606300
149.628100 235.849500 149.466100 239.959300
149.788500 234.085500 149.655700 237.566800
149.888300 232.499000 149.653200 237.665200
149.886700 231.066100 149.830400 234.650100
149.728600 229.773800 149.768900 233.303900
149.399000 228.552100 149.580000 232.013100
148.906200 227.392400 149.239000 231.028200
148.257000 226.334800 148.742800 229.884500
147.397200 225.347400 148.011800 228.740500
146.332100 224.463300 147.059400 227.672200
145.054700 223.731900 146.003200 226.869800
143.556900 223.139100 144.587600 226.089200
141.904100 222.690300 143.057700 225.503900
140.095400 222.406000 141.880200 225.197200
138.122500 222.217700 139.407800 224.790900
135.967800 222.085700 137.307700 224.593700
133.621000 221.981100 137.292600 224.587700
131.136500 221.929900 134.132600 224.380000
128.449800 221.891200 130.663100 224.257300
125.589200 221.860300 126.912400 224.109600
122.658800 221.839300 126.976400 224.115500
119.664900 221.789800 123.024300 223.992200
116.644100 221.711700 118.821500 223.813400
113.625600 221.625200 114.847700 223.622100
110.649400 221.433200 114.734300 223.637500
107.726500 221.225500 110.758900 223.394700
104.789800 221.038600 106.923700 223.155000
101.892600 220.868000 103.094100 222.925900
99.026160 220.712600 103.091200 222.907500
96.193030 220.537100 99.266830 222.704600
93.396190 220.385800 95.487970 222.505800
90.728710 220.262100 91.945830 222.288800
88.234040 220.149200 92.032260 222.283700
85.997980 219.985500 88.758090 222.100800
84.015240 219.854900 85.949500 221.941600
82.322020 219.740900 83.606250 221.816000
80.851380 219.691700 83.575500 221.789500
79.466870 219.724100 80.678330 221.772800
78.094210 219.912400 79.289220 221.847800
76.794600 220.239500 77.963370 222.103900
75.546160 220.757700 76.734030 222.466400
74.382630 221.428600 75.473560 222.982800
73.268960 222.354700 74.314680 223.722500
72.271920 223.460600 73.293060 224.611300
71.423800 224.790900 72.351910 225.716400
70.764820 226.271900 71.572880 227.004900
70.238320 227.726300 70.950100 228.383800
69.877040 229.218200 70.474620 229.906400
69.661770 230.754000 70.265150 230.892600
69.533100 232.343200 70.002460 233.001100
69.443340 233.967200 69.908660 234.597500
69.378840 235.601500 69.909010 234.573300
69.230100 237.232000 69.803530 236.739100
68.978710 238.847800 69.554320 239.387800
68.575100 240.383400 69.258130 240.950500
67.988300 241.693300 68.806730 242.318100
67.125370 242.831100 68.170430 243.528500
66.086350 243.807300 67.313210 244.694800
64.869540 244.556500 66.241980 245.599800
63.555630 245.119600 64.996520 246.294000
62.083690 245.413500 63.624880 246.751400
60.547830 245.534100 62.093910 247.012400
58.935830 245.520200 60.556730 247.073900
57.176410 245.424300 58.796320 247.058800
55.257350 245.305300 58.758750 247.066300
53.159480 245.201200 56.099970 246.981200
50.886640 245.111400 53.169380 246.874900
48.434380 245.035100 50.198290 246.776200
45.820140 244.963800 50.225700 246.776000
43.069320 244.864300 46.696920 246.658500
40.172070 244.723800 42.902340 246.503600
37.102630 244.568400 38.920920 246.308700
33.924070 244.386000 38.895050 246.317900
30.676330 244.183900 34.652590 246.084200
27.438540 243.994200 30.293010 245.859800
24.208570 243.837400 25.988400 245.622700
20.993490 243.649100 25.959850 245.624900
17.816250 243.415700 21.669210 245.390600
14.692700 243.167700 17.248460 245.132600
11.645960 242.907900 13.210170 244.807500
8.749169 242.642400 13.169240 244.821000
6.011306 242.398200 9.320165 244.521600
3.474518 242.182200 5.812754 244.230300
1.168286 241.992600 2.681739 244.021200
-0.898771 241.821000 2.846566 244.024200
-2.696521 241.698400 0.143871 243.818000
-4.190561 241.640100 -2.110248 243.696000
-5.386511 241.629500 -3.871611 243.628500
-6.326933 241.660000 -4.796092 243.622400
-7.082572 241.712200 -5.557985 243.643400
-7.774661 241.792800 -6.194709 243.711000
-8.447696 241.919900 -6.635580 243.755600
-9.095550 242.094400 -7.238465 243.903900
-9.780101 242.353600 -7.966820 244.081700
-10.603980 242.792800 -8.741238 244.379700
-11.498330 243.420200 -9.643293 244.824600
-12.344280 244.279900 -10.505170 245.474000
-13.099550 245.362100 -11.409560 246.402600
-13.710790 246.730700 -12.140500 247.597400
-14.152340 248.336800 -12.758620 249.141600
-14.411960 250.183800 -13.151350 250.982500
-14.511960 252.255000 -13.341680 253.135700
-14.575160 254.543600 -13.311550 253.053700
-14.644070 257.034400 -13.396490 256.135900
-14.710490 259.717600 -13.476220 259.663100
-14.807480 262.576000 -13.588130 263.476900
-14.929060 265.663300 -13.581800 263.429800
-15.020770 268.902000 -13.716180 267.605400
-15.143050 272.307400 -13.866850 272.042700
-15.261360 275.830800 -14.047220 276.715000
-15.391430 279.433500 -14.059110 276.749900
-15.541770 283.128600 -14.270230 281.500200
-15.703140 286.824000 -14.506760 286.416300
-15.887430 290.565600 -14.767040 291.372600
-16.052460 294.301700 -14.762760 291.429400
-16.203910 298.051600 -14.988910 296.440900
-16.370630 301.836700 -15.227300 301.524300
-16.534560 305.629900 -15.428820 306.647600
-16.702490 309.430600 -15.442030 306.565000
-16.858450 313.259100 -15.662810 311.779700
-17.014290 317.093800 -15.878990 316.894800
-17.160050 320.915200 -16.128060 322.056900
-17.310980 324.725600 -16.123250 322.028600
-17.457990 328.526000 -16.371170 327.121200
-17.601060 332.286400 -16.583300 332.194900
-17.752870 336.035700 -16.799340 337.219300
-17.907160 339.718900 -16.824600 337.228900
-18.082040 343.305300 -17.051300 342.052600
-18.248810 346.726900 -17.293510 346.771300
-18.437360 349.998500 -17.524430 351.212800
-18.609970 353.158900 -17.536790 351.126700
-18.743280 356.160100 -17.726950 355.381900
-18.844480 358.966600 -17.900600 359.228100
-18.920830 361.583300 -18.005700 362.772800
-18.977900 363.963900 -18.030640 362.825100
-19.028190 366.122800 -18.083340 365.830200
-19.109830 368.019200 -18.144510 368.555400
-19.234950 369.712600 -18.252990 370.834900
-19.469350 371.273700 -18.414460 372.471500
-19.959330 372.738000 -18.705840 373.796300
-20.737910 374.032800 -19.203960 375.006200
-21.748530 375.114300 -19.972850 376.187300
-22.999370 375.954500 -21.057520 377.173900
-24.432570 376.529200 -22.236750 377.775800
-25.999060 376.640200 -23.647400 378.149400
-27.700810 376.581400 -25.318430 378.239300
-29.445520 376.334500 -26.493270 378.169700
-31.324050 376.002400 -27.619560 378.016700
-33.327570 375.651900 -30.210350 377.595300
-35.535230 375.299200 -33.118730 377.148000
-37.913380 374.928500 -33.068860 377.154400
-40.461440 374.606400 -36.419870 376.659600
-43.164920 374.342500 -39.093720 376.349000
-46.026710 374.108500 -42.927400 376.046600
-49.018500 373.893500 -46.688000 375.799700
-52.125150 373.685600 -46.619030 375.816200
-55.328120 373.487200 -50.772100 375.585900
-58.571190 373.306100 -55.093710 375.382500
-61.844400 373.140600 -59.450900 375.165800
-65.129510 372.964200 -59.433180 375.153800
-68.399380 372.792300 -63.837990 374.933000
-71.648100 372.602400 -68.206540 374.690700
-74.879760 372.403400 -72.523550 374.502400
-78.075710 372.246500 -72.356910 374.480500
-81.234350 372.119900 -76.638490 374.269600
-84.322090 372.037600 -80.822850 374.121800
-87.256990 372.003100 -84.835460 374.027600
-90.036340 371.992600 -84.778910 374.044900
-92.685340 371.979800 -88.453910 374.017000
-95.303200 371.934900 -91.969690 373.983900
-97.879210 371.775500 -94.620970 373.896500
-100.461300 371.507400 -97.361270 373.717400
-103.108600 371.193900 -100.896300 373.354900
-105.833100 370.892600 -100.896300 373.354900
-108.706800 370.583900 -104.530200 372.934900
-111.689400 370.303500 -108.388600 372.548800
-114.861500 370.100500 -112.578300 372.251200
-118.160300 369.888800 -112.578300 372.251200
-121.555700 369.751600 -117.064300 371.993500
-125.105500 369.682800 -121.603900 371.833400
-128.655900 369.662400 -126.436400 371.766100
-132.212900 369.655400 -126.436400 371.766100
-135.720300 369.646000 -131.147900 371.753100
-139.236700 369.568300 -136.037200 371.704900
-142.708200 369.398800 -140.641800 371.549000
-146.178600 369.229000 -140.641800 371.549000
-149.596100 369.032200 -145.321600 371.336300
-153.029900 368.846700 -149.890600 371.099900
-156.414400 368.626400 -154.407500 370.835200
-159.755500 368.368000 -154.407500 370.835200
-163.085300 368.113500 -159.022400 370.499200
-166.350900 367.840000 -163.494400 370.155700
-169.584200 367.574400 -167.867500 369.830400
-172.772700 367.319800 -167.867500 369.830400
-175.957800 367.044400 -172.132100 369.495500
-179.172000 366.794400 -176.263800 369.176100
-182.395100 366.625100 -180.582700 368.912000
-185.647900 366.504400 -180.582700 368.912000
-188.933700 366.403700 -185.002800 368.722500
-192.245300 366.285600 -189.429900 368.577500
-195.589800 366.201200 -193.752300 368.474100
-198.981700 366.178900 -193.752300 368.474100
-202.399600 366.193500 -198.351100 368.442600
-205.821900 366.214600 -202.948700 368.476100
-209.221200 366.265600 -207.457500 368.522900
-212.590200 366.336400 -207.457500 368.522900
-215.920000 366.440200 -212.055100 368.601500
-219.137100 366.588000 -216.415500 368.749000
-222.203800 366.800800 -220.518600 369.009200
-225.144400 367.035800 -220.518600 369.009200
-227.921100 367.269900 -224.446300 369.305100
-230.560400 367.500400 -228.042200 369.608400
-232.963100 367.777100 -231.297500 369.954700
-235.114200 368.131900 -233.472300 370.252800
-237.069600 368.580600 -234.876100 370.506400
-238.822800 369.056200 -236.156000 370.784800
-240.419500 369.488100 -238.359900 371.342500
-241.887100 369.846500 -240.346300 371.861500
-243.204500 370.123400 -241.604400 372.181000
-244.444500 370.305300 -242.361800 372.341900
-245.674400 370.378700 -244.011000 372.575300
-246.871800 370.388100 -244.805700 372.640200
-248.075000 370.349200 -245.677600 372.669300
-249.348800 370.314100 -247.299300 372.652700
-250.648700 370.300100 -249.060200 372.628100
-251.933700 370.327900 -250.387000 372.641400
-253.209100 370.407200 -251.692600 372.690600
-254.457700 370.525800 -252.899300 372.784700
-255.594000 370.683100 -254.021700 372.915500
-256.592500 370.835900 -254.021700 372.915500
-257.560500 370.991800 -255.390500 373.119000
-258.510200 371.063700 -256.637000 373.308800
-259.453600 371.056600 -257.872700 373.428200
-260.482700 370.926700 -258.919000 373.412800
-261.590700 370.649400 -259.977400 373.270100
-262.743700 370.151400 -261.129500 372.929200
-263.924500 369.415100 -262.322300 372.394800
-265.073100 368.376200 -263.590200 371.527100
-266.121700 367.028000 -264.762200 370.335300
-267.007800 365.362600 -265.778100 368.812800
-267.746900 363.423200 -266.597000 367.035200
-268.340800 361.256100 -267.286600 364.946300
-268.808900 358.870500 -267.690200 363.368200
-269.143100 356.260600 -268.289100 359.913600
-269.364000 353.460400 -268.269500 360.044400
-269.628500 350.451000 -268.655200 356.188400
-269.898100 347.268500 -269.063800 351.938000
-270.167000 343.959200 -269.460800 347.622600
-270.432100 340.564500 -269.473500 347.504800
-270.679500 337.052300 -269.843300 342.830100
-270.895000 333.461700 -270.150300 338.322400
-271.055600 329.902500 -270.319100 334.791200
-271.176000 326.313600 -270.529600 330.057600
-271.251400 322.762400 -270.529600 330.057600
-271.280600 319.239400 -270.645100 325.291200
-271.249000 315.743100 -270.664800 320.725300
-271.155700 312.268400 -270.576000 315.900400
-271.030700 308.826000 -270.576000 315.900400
-270.853200 305.405300 -270.403800 311.288000
-270.620800 301.989900 -270.144700 306.728900
-270.339900 298.574000 -269.819500 302.160700
-270.033700 295.140000 -269.819500 302.160700
-269.673600 291.685400 -269.423500 297.629700
-269.279700 288.205800 -268.945800 292.993100
-268.845400 284.699700 -268.408600 288.325000
-268.359100 281.176700 -268.408600 288.325000
-267.830200 277.627700 -267.801900 283.638900
-267.259900 274.057300 -267.081500 278.783800
-266.639000 270.469100 -266.315500 273.994700
-265.946700 266.863000 -266.315500 273.994700
-265.197600 263.244200 -265.400400 269.096000
-264.373600 259.580700 -264.351200 264.136100
-263.496200 255.913700 -263.221100 259.263100
-262.579000 252.268700 -263.221100 259.263100
-261.578600 248.631700 -261.999100 254.452300
-260.543600 245.038000 -260.695200 249.680000
-259.463100 241.441900 -259.267500 244.799300
-258.338800 237.858000 -259.267500 244.799300
-257.174300 234.290800 -257.764300 239.978500
-255.948100 230.729700 -256.206200 235.272400
-254.680100 227.195300 -254.576900 230.587200
-253.365400 223.704600 -254.576900 230.587200
-252.024000 220.230700 -252.841400 225.882000
-250.667100 216.782300 -251.055900 221.204500
-249.287500 213.348300 -249.230600 216.551200
-247.875300 209.945400 -249.230600 216.551200
-246.421800 206.558700 -247.335900 211.905500
-244.916800 203.207700 -245.412000 207.427600
-243.384000 199.870800 -243.393800 202.941600
-241.813200 196.565100 -243.393800 202.941600
-240.196400 193.309900 -241.331600 198.592500
-238.542200 190.099200 -239.184300 194.268600
-236.861600 186.913700 -236.979100 190.046200
-235.165000 183.752000 -236.979100 190.046200
-233.429300 180.624500 -234.725600 185.871400
-231.622200 177.521500 -232.400200 181.738700
-229.743800 174.321000 -229.972200 177.590700
-227.826100 171.097900 -229.972200 177.590700
-225.852800 167.897800 -227.433200 173.405800
-223.810500 164.722600 -224.659200 169.014000
-221.724500 161.612100 -221.937900 164.926500
-219.613800 158.543000 -221.937900 164.926500
-217.478100 155.515000 -219.150500 160.867100
-215.316600 152.527500 -216.317000 156.867500
-213.150700 149.586800 -213.423000 152.895900
-210.962200 146.680800 -213.423000 152.895900
-208.737800 143.822600 -210.617200 149.158900
-206.471900 140.984900 -207.584800 145.304300
-204.155100 138.176200 -204.533200 141.565900
-201.784400 135.400600 -204.533200 141.565900
-199.366200 132.630100 -201.335700 137.806900
-196.890900 129.861700 -198.063700 134.087900
-194.370200 127.108500 -194.712200 130.395600
-191.775000 124.378600 -194.712200 130.395600
-189.124000 121.658100 -191.239000 126.729800
-186.413300 118.972100 -187.608400 123.007900
-183.652100 116.299900 -183.920500 119.363400
-180.833900 113.636200 -183.920500 119.363400
-177.941000 111.012300 -180.197300 115.796900
-175.004800 108.364000 -176.343700 112.271800
-172.053900 105.709500 -172.430600 108.752400
-169.069600 103.080200 -172.430600 108.752400
-166.066100 100.446500 -168.556500 105.353000
-163.075100 97.812220 -164.585300 101.849000
-160.138200 95.134100 -160.766200 98.456890
-157.200100 92.475810 -160.766200 98.456890
-154.275600 89.830860 -156.917500 94.993760
-151.375100 87.179520 -152.963700 91.409330
-148.492200 84.507520 -149.111300 87.870860
-145.590800 81.847270 -149.111300 87.870860
-142.660500 79.211590 -145.249000 84.337740
-139.724700 76.580210 -141.302400 80.784300
-136.784200 73.943950 -137.274600 77.169360
-133.841200 71.308100 -137.274600 77.169360
-130.910700 68.676740 -133.283000 73.578420
-127.984900 66.040280 -129.401700 70.081040
-125.063100 63.430430 -125.534500 66.605650
-122.156900 60.831360 -125.534500 66.605650
-119.245300 58.228170 -121.613100 63.083970
-116.347300 55.617720 -117.693400 59.584120
-113.455700 53.003780 -113.743400 56.034790
-110.532900 50.381290 -113.743400 56.034790
-107.626500 47.762710 -109.839200 52.528260
-104.694500 45.120130 -105.971200 49.085910
-101.763800 42.487340 -102.028000 45.579970
-98.798280 39.841630 -102.028000 45.579970
-95.852140 37.183550 -98.113940 42.116560
-92.880440 34.532400 -94.233840 38.628960
-89.902870 31.874270 -90.163410 35.030730
-86.914010 29.212990 -90.163410 35.030730
-83.926180 26.550970 -85.990220 31.346140
-80.937000 23.913040 -81.951550 27.750060
-77.954470 21.290830 -77.975290 24.243670
-74.988480 18.686980 -77.975290 24.243670
-72.057280 16.091360 -74.143030 20.864210
-69.169900 13.500340 -70.170420 17.344470
-66.299690 10.910920 -66.300280 13.891190
-63.479030 8.339491 -66.300280 13.891190
-60.679800 5.771217 -62.487370 10.465660
-57.915100 3.248503 -58.683240 7.009719
-55.221770 0.803962 -55.022450 3.668319
-52.611160 -1.543085 -55.022450 3.668319
-50.088880 -3.789114 -51.578690 0.528018
-47.643790 -5.973092 -48.307170 -2.391884
-45.315860 -8.034447 -45.260710 -5.097570
-43.113230 -9.933193 -45.260710 -5.097570
-41.031450 -11.662370 -42.408870 -7.586410
-39.046940 -13.214250 -39.784840 -9.773922
-37.082270 -14.591780 -37.187390 -11.738780
-35.097350 -15.760670 -35.296000 -12.962470
-33.058170 -16.673330 -33.389010 -13.966910
-30.971870 -17.280460 -31.329240 -14.748070
-28.865760 -17.581610 -29.330210 -15.192330
-26.784970 -17.545160 -27.278720 -15.321170
-24.786370 -17.180030 -25.238510 -15.141870
-22.895390 -16.501740 -23.360830 -14.644050
-21.151920 -15.579560 -21.596830 -13.865920
-19.536240 -14.512750 -19.884770 -12.870280
-17.952400 -13.439350 -19.915540 -12.885230
-16.387990 -12.406440 -17.780590 -11.474900
-14.863100 -11.417480 -15.693320 -10.066380
-13.393330 -10.522110 -13.706150 -8.768548
-12.012560 -9.712136 -13.774520 -8.812808
-10.724060 -9.005949 -11.854050 -7.649782
-9.550035 -8.378380 -10.252110 -6.740731
-8.515855 -7.864360 -8.849674 -5.968718
-7.666677 -7.451274 -8.834562 -5.979375
-6.965634 -7.116444 -7.728866 -5.397180
-6.290034 -6.754992 -6.841322 -4.950995
-5.683176 -6.365703 -6.172919 -4.597333
-5.115930 -5.951422 -5.320688 -4.101020
-4.546901 -5.474396 -4.998879 -3.871593
-3.918483 -4.841217 -4.067986 -3.127951
-3.251958 -4.063126 -3.335445 -2.419171
-2.618666 -3.132043 -2.705761 -1.646381
-1.995823 -2.041747 -1.961214 -0.605463
-1.444291 -0.709844 -1.304455 0.642147
-0.945890 0.845441 -0.689687 2.170803
-0.637858 2.648628 -0.239159 3.861051
-0.490261 4.697446 -0.011291 5.174819
-0.464139 6.920857 0.187245 7.985659
-0.531398 9.295931 0.199277 9.544744
-0.624242 11.817770 0.122188 12.872220
-0.711873 14.466010 0.100425 12.767850
-0.825265 17.247450 -0.021400 16.327350
-0.950867 20.106980 -0.149689 20.139720
-1.111700 23.081510 -0.329396 24.088240
-1.318962 26.177850 -0.324363 24.051750
-1.558337 29.342010 -0.564504 28.220860
-1.802380 32.590800 -0.876561 32.536240
-2.057718 35.829860 -1.203645 36.897840
-2.317142 39.134640 -1.202218 36.917910
-2.563489 42.479060 -1.528459 41.308640
-2.782512 45.832490 -1.853353 45.805020
-2.981824 49.222850 -2.129677 50.421510
-3.156600 52.663260 -2.139627 50.299280
-3.326194 56.134890 -2.372393 54.877220
-3.502086 59.661300 -2.629598 59.548440
-3.713046 63.193690 -2.888083 64.369620
-3.925554 66.778030 -2.882165 64.266320
-4.099562 70.366360 -3.135188 69.032320
-4.323029 73.928460 -3.396506 73.829730
-4.525824 77.456260 -3.648480 78.640640
-4.726372 80.968850 -3.634147 78.519410
-4.944700 84.450320 -3.872519 83.209860
-5.155943 87.868120 -4.124774 87.865850
-5.329539 91.294920 -4.355518 92.293040
-5.470861 94.700890 -4.366964 92.342120
