0 0.000157 0.031965 100.000000 13.513514
0 0.000085 0.031456 200.000000 13.605442
0 0.000033 0.030980 300.000000 14.084507
10 0.000078 0.058276 100.000000 13.513514
10 0.000052 0.041077 200.000000 13.698630
10 0.000043 0.034424 300.000000 14.218010
20 0.000217 0.037130 100.000000 13.513514
20 0.000119 0.034531 200.000000 13.793103
20 0.000035 0.033582 300.000000 14.285714
30 0.000153 0.058348 100.000000 13.513514
30 0.000015 0.031906 200.000000 13.793103
30 0.000041 0.031954 300.000000 14.423077
40 0.000541 0.034345 100.000000 13.333333
40 0.000048 0.028049 200.000000 13.888889
40 0.000040 0.023450 300.000000 14.492754
50 0.000284 0.048767 100.000000 13.333333
50 0.000073 0.041758 200.000000 13.986014
50 0.000038 0.042243 300.000000 14.563107
60 0.000193 0.034113 100.000000 13.333333
60 0.000148 0.021185 200.000000 14.084507
60 0.000058 0.023267 300.000000 14.634147
70 0.000221 0.036148 100.000000 13.333333
70 0.000131 0.022619 200.000000 14.184397
80 0.000110 0.028025 100.000000 13.513514
80 0.000091 0.029459 200.000000 14.388489
90 0.000071 0.029762 100.000000 13.698630
90 0.000102 0.041500 200.000000 14.492754
100 0.000196 0.041424 100.000000 13.888889
100 0.000037 0.037201 200.000000 14.705882
110 0.000424 0.058263 100.000000 14.084507
110 0.000137 0.052879 200.000000 14.925373
120 0.000325 0.055041 100.000000 14.285714
120 0.000148 0.056205 200.000000 15.037594
130 0.000117 0.033683 100.000000 14.492754
130 0.000071 0.039944 200.000000 15.267176
140 0.000101 0.043922 100.000000 14.705882
150 0.000227 0.042837 100.000000 14.925373
160 0.000281 0.026514 100.000000 15.151515
170 0.000189 0.026715 100.000000 15.384615
180 0.000178 0.026234 100.000000 15.384615
190 0.000058 0.038797 100.000000 15.625000
200 0.000131 0.051237 100.000000 15.625000
